# t Gij Gij_error
0.00000000e+00 6.66103065e-02 9.43351502e-05
1.28000000e+00 3.13783512e-02 9.01833710e-05
2.56000000e+00 2.02814527e-02 8.69563923e-05
3.84000000e+00 1.34698739e-02 8.21224061e-05
5.12000000e+00 9.14194621e-03 8.09067908e-05
6.40000000e+00 6.18655048e-03 8.14305118e-05
7.68000000e+00 4.29176353e-03 8.01656486e-05
8.96000000e+00 2.94884737e-03 7.91135461e-05
1.02400000e+01 2.05604103e-03 8.08522971e-05
1.15200000e+01 1.50081946e-03 8.16466552e-05
1.28000000e+01 1.08915137e-03 8.37055498e-05
1.40800000e+01 7.99102127e-04 8.30395433e-05
1.53600000e+01 5.74712700e-04 8.21516611e-05
1.66400000e+01 4.21372504e-04 8.04507202e-05
1.79200000e+01 3.10834992e-04 7.97758926e-05
1.92000000e+01 2.43528193e-04 8.16394776e-05
2.04800000e+01 1.38271425e-04 7.96970459e-05
2.17600000e+01 1.03237864e-04 8.08622368e-05
2.30400000e+01 1.34941831e-04 7.48867533e-05
2.43200000e+01 1.28519838e-04 7.98563565e-05
2.56000000e+01 9.30906463e-05 7.63420392e-05
2.68800000e+01 6.17441547e-05 7.51920502e-05
2.81600000e+01 1.06005757e-06 7.84702069e-05
2.94400000e+01 6.06754984e-05 7.89016183e-05
3.07200000e+01 -2.19448430e-05 7.97076928e-05
3.20000000e+01 3.09182797e-05 8.14779614e-05
3.32800000e+01 8.81783417e-05 8.18262265e-05
3.45600000e+01 1.10410547e-04 8.21872782e-05
3.58400000e+01 1.30727552e-04 8.02171812e-05
3.71200000e+01 1.73642169e-04 8.29414955e-05
3.84000000e+01 1.54102672e-04 8.16447952e-05
3.96800000e+01 1.03083272e-04 8.42389433e-05
4.09600000e+01 -3.36986559e-05 8.24123610e-05
4.22400000e+01 -1.22974583e-04 8.09197733e-05
4.35200000e+01 -1.55928297e-04 8.00483770e-05
4.48000000e+01 -1.66514204e-04 8.05720220e-05
4.60800000e+01 -6.82615719e-05 8.14924901e-05
4.73600000e+01 -6.34019380e-05 8.10689016e-05
4.86400000e+01 -3.14189383e-05 7.89768727e-05
4.99200000e+01 -4.83898039e-05 7.93111842e-05
5.12000000e+01 -1.35100883e-04 7.79663635e-05
5.24800000e+01 -7.72910425e-05 7.67720900e-05
5.37600000e+01 -6.30995419e-05 7.67685669e-05
5.50400000e+01 -3.41769446e-05 7.82267371e-05
5.63200000e+01 8.19270281e-06 7.76484959e-05
5.76000000e+01 -1.00028396e-04 8.00486776e-05
5.88800000e+01 -5.59176187e-05 7.79415567e-05
6.01600000e+01 -6.29702572e-06 7.82884795e-05
6.14400000e+01 8.03545117e-05 7.88532177e-05
6.27200000e+01 2.03262498e-05 7.93245358e-05
6.40000000e+01 -7.37365235e-06 8.13836985e-05
6.52800000e+01 2.45547108e-05 7.94661729e-05
6.65600000e+01 9.47303852e-05 8.08094873e-05
6.78400000e+01 1.11690999e-04 8.11758238e-05
6.91200000e+01 1.29695894e-04 8.13335394e-05
7.04000000e+01 6.63713727e-05 8.07681175e-05
7.16800000e+01 6.62851817e-05 8.02996374e-05
7.29600000e+01 1.38349969e-05 8.27884434e-05
7.42400000e+01 6.75552474e-06 8.23589885e-05
7.55200000e+01 -4.88100850e-05 8.29414826e-05
7.68000000e+01 -6.17980404e-05 8.33515469e-05
7.80800000e+01 1.45300364e-05 8.45428477e-05
7.93600000e+01 3.68069959e-05 8.40895821e-05
8.06400000e+01 1.10726978e-04 8.27798697e-05
8.19200000e+01 9.10078015e-05 8.38244004e-05
8.32000000e+01 8.25516254e-05 8.50559554e-05
8.44800000e+01 1.08905508e-04 8.12616271e-05
8.57600000e+01 5.86814494e-05 7.99677734e-05
8.70400000e+01 5.84511072e-05 8.08812571e-05
8.83200000e+01 3.95451934e-05 8.01277409e-05
8.96000000e+01 5.33909879e-05 8.25394767e-05
9.08800000e+01 1.62931228e-05 8.25218227e-05
9.21600000e+01 -5.59088767e-06 8.17347388e-05
9.34400000e+01 -5.79847219e-05 8.16219334e-05
9.47200000e+01 -1.26264393e-04 8.05890325e-05
9.60000000e+01 -1.17429241e-04 8.04006479e-05
9.72800000e+01 -9.77132368e-05 8.35481694e-05
9.85600000e+01 -7.37285591e-05 8.26804468e-05
9.98400000e+01 -7.91714920e-05 8.40835856e-05
1.01120000e+02 -1.40324264e-04 8.29838284e-05
1.02400000e+02 -5.01393806e-05 8.22193078e-05
1.03680000e+02 -6.02037617e-05 8.07223282e-05
1.04960000e+02 -6.52610106e-05 7.78709509e-05
1.06240000e+02 -2.79882970e-05 7.90415875e-05
1.07520000e+02 -5.05128774e-05 7.86683594e-05
1.08800000e+02 -5.53254322e-05 8.03029044e-05
1.10080000e+02 -6.96666175e-05 8.06218197e-05
1.11360000e+02 -4.42597229e-05 8.06896761e-05
1.12640000e+02 -9.75484454e-06 8.28970406e-05
1.13920000e+02 8.10173224e-05 8.22921267e-05
1.15200000e+02 9.43583655e-06 8.30457043e-05
1.16480000e+02 6.56013945e-05 8.59601788e-05
1.17760000e+02 -2.16412500e-05 8.47831846e-05
1.19040000e+02 -2.67887954e-05 8.07562092e-05
1.20320000e+02 -1.70366948e-05 8.10476949e-05
1.21600000e+02 -5.35966819e-06 8.10938510e-05
1.22880000e+02 -1.95911089e-05 8.30380634e-05
1.24160000e+02 -8.55601975e-05 8.42828545e-05
1.25440000e+02 -1.47604238e-04 8.60751407e-05
1.26720000e+02 -1.79392300e-04 8.77266465e-05
1.28000000e+02 -8.23056544e-05 8.91206174e-05
1.29280000e+02 -1.96202047e-04 8.63922496e-05
1.30560000e+02 -1.53132161e-04 8.27133735e-05
1.31840000e+02 -1.33940775e-04 8.41425266e-05
1.33120000e+02 -1.49901069e-04 8.19428291e-05
1.34400000e+02 -1.73467124e-04 7.91512868e-05
1.35680000e+02 -1.99666581e-04 8.13674047e-05
1.36960000e+02 -2.23223644e-04 7.98877688e-05
1.38240000e+02 -9.24872293e-05 8.19753188e-05
1.39520000e+02 -1.35699011e-04 7.97295859e-05
1.40800000e+02 -1.39924348e-04 8.00389451e-05
1.42080000e+02 -2.00538881e-04 7.86149012e-05
1.43360000e+02 -1.05644649e-04 7.87425045e-05
1.44640000e+02 -2.59048593e-05 8.18876733e-05
1.45920000e+02 -9.02611555e-06 8.19429624e-05
1.47200000e+02 3.58740072e-05 8.11442580e-05
1.48480000e+02 2.26886787e-05 8.08907624e-05
1.49760000e+02 1.76032700e-05 7.82722171e-05
1.51040000e+02 3.00479642e-05 8.11748875e-05
1.52320000e+02 6.94850823e-05 8.13903472e-05
1.53600000e+02 -2.55211580e-05 8.18060618e-05
1.54880000e+02 -1.14836235e-04 8.33486216e-05
1.56160000e+02 -1.60306095e-04 8.24885821e-05
1.57440000e+02 -1.30798144e-04 8.20498540e-05
1.58720000e+02 -4.02388432e-05 8.09647775e-05
1.60000000e+02 1.62899383e-07 8.31051844e-05
1.61280000e+02 -1.04805758e-05 8.56811008e-05
1.62560000e+02 9.29718444e-05 8.32933733e-05
1.63840000e+02 5.89777846e-05 8.49296496e-05
1.65120000e+02 -2.95914688e-05 8.60505090e-05
1.66400000e+02 -8.91605887e-05 8.05258230e-05
1.67680000e+02 -5.15182037e-05 8.46309912e-05
1.68960000e+02 7.82066491e-05 8.47911865e-05
1.70240000e+02 3.34622891e-05 8.65278218e-05
1.71520000e+02 -4.05028150e-05 8.45511253e-05
1.72800000e+02 -5.14574822e-05 8.41938522e-05
1.74080000e+02 -3.54450531e-05 8.22415993e-05
1.75360000e+02 -6.41790393e-05 8.15594562e-05
1.76640000e+02 -3.43732900e-05 7.88860242e-05
1.77920000e+02 1.57735885e-05 7.96951968e-05
1.79200000e+02 2.54118004e-06 7.90029638e-05
1.80480000e+02 -1.29804621e-05 7.92470819e-05
1.81760000e+02 -3.30134098e-05 7.88921423e-05
1.83040000e+02 5.92723472e-06 8.13838600e-05
1.84320000e+02 5.83395021e-08 7.95812583e-05
1.85600000e+02 -2.76582596e-05 8.14677114e-05
1.86880000e+02 1.45025024e-05 7.72322632e-05
1.88160000e+02 -7.68921655e-06 8.08292984e-05
1.89440000e+02 -7.92535575e-05 8.30741823e-05
1.90720000e+02 -1.22306577e-04 8.41958908e-05
1.92000000e+02 -9.19145605e-05 8.35769177e-05
1.93280000e+02 -2.03632299e-05 8.10531515e-05
1.94560000e+02 -1.29428619e-04 8.12909570e-05
1.95840000e+02 -1.81519252e-04 8.06674973e-05
1.97120000e+02 -2.05580684e-04 8.25173265e-05
1.98400000e+02 -2.02801006e-04 8.65667403e-05
1.99680000e+02 -1.97174304e-04 8.74702288e-05
2.00960000e+02 -1.71701104e-04 8.61388330e-05
2.02240000e+02 -1.33552967e-04 8.25735246e-05
2.03520000e+02 -2.47394128e-05 8.34561750e-05
2.04800000e+02 6.64634645e-05 8.35716660e-05
2.06080000e+02 9.85521110e-05 8.30241228e-05
2.07360000e+02 8.11620339e-05 8.13832971e-05
2.08640000e+02 1.95889384e-04 8.28430455e-05
2.09920000e+02 1.84167046e-04 8.32404840e-05
2.11200000e+02 1.51477012e-04 8.46813192e-05
2.12480000e+02 2.15730484e-04 8.30216357e-05
2.13760000e+02 2.02058829e-04 8.19293028e-05
2.15040000e+02 1.11745183e-04 8.03414673e-05
2.16320000e+02 3.82253929e-05 8.10953631e-05
2.17600000e+02 -3.02668541e-05 8.17070378e-05
2.18880000e+02 -1.97071113e-05 8.57104723e-05
2.20160000e+02 3.39954131e-05 8.88283893e-05
2.21440000e+02 7.57455418e-05 8.64929372e-05
2.22720000e+02 4.66300880e-05 8.52299231e-05
2.24000000e+02 6.57984638e-05 8.37616418e-05
2.25280000e+02 6.94738192e-05 8.10004018e-05
2.26560000e+02 3.06034053e-05 7.98892954e-05
2.27840000e+02 6.46230401e-05 8.00637207e-05
2.29120000e+02 5.32186386e-05 8.28679554e-05
2.30400000e+02 5.34304236e-05 8.36657772e-05
2.31680000e+02 1.76255471e-05 8.52886245e-05
2.32960000e+02 -4.20034667e-05 8.25681660e-05
2.34240000e+02 -8.09029953e-05 8.51869776e-05
2.35520000e+02 -8.69640862e-05 8.25418008e-05
2.36800000e+02 -3.23106869e-05 8.41090566e-05
2.38080000e+02 1.43365423e-05 8.35796999e-05
2.39360000e+02 -4.59782859e-06 8.06982164e-05
2.40640000e+02 2.65247672e-05 8.10444684e-05
2.41920000e+02 -5.71256787e-05 7.96790068e-05
2.43200000e+02 -3.17855884e-05 8.18280603e-05
2.44480000e+02 3.28143528e-06 8.21808895e-05
2.45760000e+02 3.14139879e-06 8.18596555e-05
2.47040000e+02 -1.66331993e-05 8.25313224e-05
2.48320000e+02 -1.66673854e-05 8.32061736e-05
2.49600000e+02 2.16813405e-05 8.61256482e-05
2.50880000e+02 1.55250582e-05 8.57490934e-05
2.52160000e+02 -5.23009767e-05 8.53796553e-05
2.53440000e+02 -3.01133368e-05 8.51225038e-05
2.54720000e+02 -3.41407103e-05 8.63980839e-05
2.56000000e+02 -1.56365568e-05 8.57980245e-05
2.57280000e+02 2.93401681e-05 8.33543385e-05
2.58560000e+02 3.91857357e-05 8.24446187e-05
2.59840000e+02 6.53371535e-05 8.41295730e-05
2.61120000e+02 2.12132795e-06 8.33980119e-05
2.62400000e+02 -7.75576191e-05 8.08765523e-05
2.63680000e+02 -1.63241668e-04 8.38991112e-05
2.64960000e+02 -1.08994667e-04 8.41266890e-05
2.66240000e+02 -1.32708068e-04 8.56429152e-05
2.67520000e+02 -1.08960230e-04 8.37114693e-05
2.68800000e+02 -1.23918668e-04 8.43893368e-05
2.70080000e+02 -9.22154286e-05 8.61353313e-05
2.71360000e+02 -1.71233878e-05 8.42775267e-05
2.72640000e+02 -8.16873944e-05 8.33532782e-05
2.73920000e+02 -3.12691300e-05 8.39431117e-05
2.75200000e+02 -3.41818049e-05 8.48718661e-05
2.76480000e+02 8.75730548e-05 8.48292637e-05
2.77760000e+02 1.26470681e-04 8.33377289e-05
2.79040000e+02 1.27139632e-04 8.53024899e-05
2.80320000e+02 1.60414726e-04 8.40609996e-05
2.81600000e+02 1.10595582e-04 8.60124921e-05
2.82880000e+02 1.48100647e-04 8.72231409e-05
2.84160000e+02 1.46592414e-04 8.67094300e-05
2.85440000e+02 1.61316304e-04 8.71900475e-05
2.86720000e+02 1.20271950e-04 8.40567094e-05
2.88000000e+02 2.87611383e-05 8.35193711e-05
2.89280000e+02 3.29345021e-05 8.59579368e-05
2.90560000e+02 3.39556427e-05 8.55552380e-05
2.91840000e+02 -2.53708549e-05 8.29517951e-05
2.93120000e+02 1.18862035e-05 8.26368688e-05
2.94400000e+02 -3.13662167e-05 8.46071969e-05
2.95680000e+02 -2.69045922e-05 8.21393737e-05
2.96960000e+02 1.68950210e-05 8.24509375e-05
2.98240000e+02 3.68060282e-05 8.53297612e-05
2.99520000e+02 2.73636233e-05 8.49368585e-05
3.00800000e+02 1.99108545e-05 8.61572440e-05
3.02080000e+02 -2.57732268e-06 8.67022917e-05
3.03360000e+02 -3.89735942e-05 8.78782422e-05
3.04640000e+02 -7.74996151e-05 8.72129447e-05
3.05920000e+02 -1.29692984e-04 8.62462419e-05
3.07200000e+02 -7.96945678e-05 8.58297627e-05
3.08480000e+02 -5.14496060e-05 8.71927516e-05
3.09760000e+02 -2.02483943e-06 9.12316279e-05
3.11040000e+02 3.15315810e-05 8.78966601e-05
3.12320000e+02 1.10247784e-04 8.62876857e-05
3.13600000e+02 1.48234176e-04 8.36576873e-05
3.14880000e+02 1.75373047e-04 8.38045734e-05
3.16160000e+02 2.43371294e-04 8.26617723e-05
3.17440000e+02 1.85464683e-04 8.43328751e-05
3.18720000e+02 1.94083652e-04 8.41599431e-05
3.20000000e+02 1.69064428e-04 8.49862700e-05
3.21280000e+02 2.31896847e-04 8.75443323e-05
3.22560000e+02 1.18137810e-04 8.76589252e-05
3.23840000e+02 7.30609027e-05 8.91517914e-05
3.25120000e+02 1.68942290e-06 8.91550845e-05
3.26400000e+02 -1.30953686e-05 8.66680745e-05
3.27680000e+02 4.65027551e-05 8.64316179e-05
3.28960000e+02 4.39362657e-06 8.75286677e-05
3.30240000e+02 5.28311830e-05 8.67318222e-05
3.31520000e+02 2.89322852e-05 8.56132854e-05
3.32800000e+02 -2.91332144e-05 8.66418074e-05
3.34080000e+02 -5.56227315e-05 8.71803137e-05
3.35360000e+02 -1.32528585e-04 8.87341285e-05
3.36640000e+02 -1.18484051e-04 8.83933318e-05
3.37920000e+02 -2.31698665e-04 8.95863477e-05
3.39200000e+02 -1.73004955e-04 8.85885285e-05
3.40480000e+02 -2.64362316e-05 8.75717675e-05
3.41760000e+02 4.05801802e-05 8.95236408e-05
3.43040000e+02 3.10551368e-05 8.85041465e-05
3.44320000e+02 7.33121269e-05 8.65123552e-05
3.45600000e+02 1.17695519e-04 8.87363972e-05
3.46880000e+02 1.18401731e-04 8.38136867e-05
3.48160000e+02 1.09360546e-04 8.47519856e-05
3.49440000e+02 1.39349404e-05 8.67779985e-05
3.50720000e+02 4.77613212e-05 8.69845676e-05
3.52000000e+02 1.76578178e-05 8.70891779e-05
3.53280000e+02 -1.72928412e-06 8.66578129e-05
3.54560000e+02 1.20866098e-05 9.23617299e-05
3.55840000e+02 -1.58163784e-05 9.24788770e-05
3.57120000e+02 -3.68334258e-05 8.89994251e-05
3.58400000e+02 -5.05386706e-05 8.64563716e-05
3.59680000e+02 -1.67682610e-05 8.39966042e-05
3.60960000e+02 -7.03935366e-05 8.29335543e-05
3.62240000e+02 -5.36369298e-05 8.58587193e-05
3.63520000e+02 6.97418727e-05 8.85740262e-05
3.64800000e+02 1.88999489e-04 8.94362498e-05
3.66080000e+02 1.69747364e-04 9.17501072e-05
3.67360000e+02 1.68249055e-04 8.75628418e-05
3.68640000e+02 1.35541282e-04 8.71918156e-05
3.69920000e+02 1.19503529e-04 8.65506588e-05
3.71200000e+02 -3.12068209e-06 8.43136616e-05
3.72480000e+02 4.03871745e-05 8.51885978e-05
3.73760000e+02 3.47853370e-06 8.61545830e-05
3.75040000e+02 -1.10293086e-05 8.87614531e-05
3.76320000e+02 -6.44449101e-05 9.03542771e-05
3.77600000e+02 -3.06976981e-05 8.95950743e-05
3.78880000e+02 -3.34580903e-07 8.81936751e-05
3.80160000e+02 7.40841497e-05 8.78552186e-05
3.81440000e+02 9.63852799e-05 8.34492157e-05
3.82720000e+02 2.46878080e-05 8.39553639e-05
3.84000000e+02 3.90718415e-05 8.66181174e-05
3.85280000e+02 3.33928983e-05 8.68823429e-05
3.86560000e+02 9.65803920e-05 8.87811554e-05
3.87840000e+02 9.74229988e-05 8.90713717e-05
3.89120000e+02 1.77895912e-04 9.03596430e-05
3.90400000e+02 1.13789385e-04 9.03557171e-05
3.91680000e+02 1.54006644e-04 8.81790974e-05
3.92960000e+02 1.32044253e-04 9.13605526e-05
3.94240000e+02 4.64627083e-05 8.84832357e-05
3.95520000e+02 4.61222044e-05 8.81148260e-05
3.96800000e+02 9.73613933e-05 8.67502416e-05
3.98080000e+02 1.42269841e-04 8.66524802e-05
3.99360000e+02 8.37067637e-05 8.40646000e-05
4.00640000e+02 1.38193107e-04 8.49141507e-05
4.01920000e+02 1.01544138e-04 8.46690481e-05
4.03200000e+02 5.85856978e-05 8.83847577e-05
4.04480000e+02 1.53712790e-05 9.06726269e-05
4.05760000e+02 -6.37618941e-05 8.51351191e-05
4.07040000e+02 -5.07010191e-05 8.81527884e-05
4.08320000e+02 -7.73939464e-05 8.69931556e-05
4.09600000e+02 -3.35528384e-05 8.66308139e-05
4.10880000e+02 2.12541618e-05 8.70110032e-05
4.12160000e+02 3.57761201e-05 8.80427073e-05
4.13440000e+02 -1.01382957e-05 8.54461735e-05
4.14720000e+02 -3.52861534e-05 8.68562983e-05
4.16000000e+02 -9.44885178e-05 8.70459796e-05
4.17280000e+02 3.58166312e-06 9.00974875e-05
4.18560000e+02 3.60039448e-05 8.99480581e-05
4.19840000e+02 5.46582087e-05 9.07204716e-05
4.21120000e+02 7.51607295e-05 9.05072652e-05
4.22400000e+02 6.11467913e-05 9.05934986e-05
4.23680000e+02 -6.90345914e-05 9.29142776e-05
4.24960000e+02 -2.89593827e-05 8.91968032e-05
4.26240000e+02 8.32634396e-06 8.91779125e-05
4.27520000e+02 4.00825629e-05 8.99187444e-05
4.28800000e+02 7.34293571e-05 9.03116414e-05
4.30080000e+02 4.13199232e-05 9.02546041e-05
4.31360000e+02 5.12806218e-05 9.20206056e-05
4.32640000e+02 -8.40627981e-05 9.23571150e-05
4.33920000e+02 -4.94436317e-05 9.32826499e-05
4.35200000e+02 -1.07512615e-05 9.35655177e-05
4.36480000e+02 -2.43984368e-06 9.71800071e-05
4.37760000e+02 -5.56447631e-05 9.39902219e-05
4.39040000e+02 -7.72285712e-05 8.97316235e-05
4.40320000e+02 -1.73791286e-05 9.23897465e-05
4.41600000e+02 8.78328137e-06 9.24178561e-05
4.42880000e+02 -6.71809685e-05 9.30323841e-05
4.44160000e+02 -8.61465378e-05 9.03542692e-05
4.45440000e+02 -1.01639664e-04 8.96039096e-05
4.46720000e+02 -1.58950148e-04 9.11419918e-05
4.48000000e+02 -1.72679836e-04 8.86764603e-05
4.49280000e+02 -1.35038164e-04 8.92609677e-05
4.50560000e+02 -1.03115199e-04 8.80987985e-05
4.51840000e+02 -8.76520935e-05 8.64581935e-05
4.53120000e+02 -1.39898781e-04 8.87262821e-05
4.54400000e+02 -1.18366996e-04 9.00648430e-05
4.55680000e+02 -8.03095172e-05 8.92541877e-05
4.56960000e+02 -1.11410249e-04 8.94357550e-05
4.58240000e+02 -3.23751447e-05 8.86075542e-05
4.59520000e+02 6.49561252e-06 8.98342041e-05
4.60800000e+02 -1.31422494e-05 9.03162020e-05
4.62080000e+02 2.10529706e-05 9.05256451e-05
4.63360000e+02 1.12178066e-06 9.16368101e-05
4.64640000e+02 -5.61434390e-05 8.88251547e-05
4.65920000e+02 4.08609267e-05 8.92479841e-05
4.67200000e+02 -3.81995487e-05 8.92092362e-05
4.68480000e+02 2.13559433e-05 9.05019573e-05
4.69760000e+02 1.59996824e-04 9.25645672e-05
4.71040000e+02 1.53419227e-04 9.16260066e-05
4.72320000e+02 1.37805095e-04 8.96537151e-05
4.73600000e+02 2.12137034e-04 9.04614417e-05
4.74880000e+02 1.36182629e-04 8.99098630e-05
4.76160000e+02 7.45694779e-05 9.10540847e-05
4.77440000e+02 9.80607729e-05 9.08956630e-05
4.78720000e+02 1.54554829e-04 9.05177160e-05
4.80000000e+02 1.78058312e-04 9.24706082e-05
4.81280000e+02 1.83314205e-05 9.33208747e-05
4.82560000e+02 -9.23109619e-05 9.33215879e-05
4.83840000e+02 -1.41016586e-04 9.30237897e-05
4.85120000e+02 -1.83728971e-05 9.35520245e-05
4.86400000e+02 -8.69415016e-05 9.41102039e-05
4.87680000e+02 -9.64711944e-05 9.28608010e-05
4.88960000e+02 -8.51752120e-05 9.33737295e-05
4.90240000e+02 2.62494486e-05 9.37151324e-05
4.91520000e+02 5.44843315e-05 9.17883039e-05
4.92800000e+02 3.22433516e-05 8.83709297e-05
4.94080000e+02 5.52224046e-05 8.92104183e-05
4.95360000e+02 1.47948203e-05 8.92024366e-05
4.96640000e+02 3.15981342e-05 9.02124065e-05
4.97920000e+02 6.17824480e-05 9.38876169e-05
4.99200000e+02 6.46042608e-05 9.75877158e-05
5.00480000e+02 1.80137649e-05 9.32818334e-05
5.01760000e+02 1.05062845e-05 9.09924509e-05
5.03040000e+02 -3.12937627e-05 9.10506929e-05
5.04320000e+02 1.13007427e-05 9.15346432e-05
5.05600000e+02 4.09541317e-05 9.12793515e-05
5.06880000e+02 4.28156409e-06 9.07335387e-05
5.08160000e+02 -1.96760793e-05 9.26685332e-05
5.09440000e+02 -1.07434280e-04 9.51432476e-05
5.10720000e+02 -9.27243600e-05 9.34273762e-05
5.12000000e+02 -1.79149458e-04 9.12738011e-05
5.13280000e+02 -1.12897105e-04 9.64594154e-05
5.14560000e+02 7.27452004e-07 9.46232173e-05
5.15840000e+02 5.71019918e-05 9.49957599e-05
5.17120000e+02 5.50972218e-05 9.56358423e-05
5.18400000e+02 1.11734233e-04 9.19756532e-05
5.19680000e+02 1.60824042e-04 9.51427841e-05
5.20960000e+02 1.30253160e-04 9.35645210e-05
5.22240000e+02 2.04192838e-05 9.49591541e-05
5.23520000e+02 -5.12080551e-05 9.56404575e-05
5.24800000e+02 -1.07525942e-04 9.39919333e-05
5.26080000e+02 -8.88507275e-05 9.25277365e-05
5.27360000e+02 -2.04932985e-05 9.13551381e-05
5.28640000e+02 8.15897001e-05 9.53348564e-05
5.29920000e+02 7.94868465e-05 9.62735189e-05
5.31200000e+02 1.16093783e-04 9.50759724e-05
5.32480000e+02 6.36177356e-05 9.46831613e-05
5.33760000e+02 1.11735308e-05 9.30704839e-05
5.35040000e+02 -1.03381080e-05 9.64442228e-05
5.36320000e+02 -9.82013371e-05 9.40106112e-05
5.37600000e+02 -3.17752274e-05 9.17524066e-05
5.38880000e+02 -1.99029455e-05 9.33121659e-05
5.40160000e+02 -7.04380000e-05 9.30445973e-05
5.41440000e+02 -5.92983124e-05 9.34753804e-05
5.42720000e+02 -3.63081890e-05 9.46507639e-05
5.44000000e+02 -4.53873508e-05 9.21415609e-05
5.45280000e+02 -4.44133730e-05 9.07982649e-05
5.46560000e+02 -9.48113957e-05 9.01805607e-05
5.47840000e+02 -7.79867623e-05 9.28391199e-05
5.49120000e+02 7.41220574e-05 9.45603376e-05
5.50400000e+02 1.60629788e-05 9.29086696e-05
5.51680000e+02 3.76926619e-06 9.60054970e-05
5.52960000e+02 3.10974792e-05 9.54098895e-05
5.54240000e+02 -4.42031414e-05 9.39093039e-05
5.55520000e+02 -8.53017991e-05 9.14097181e-05
5.56800000e+02 -8.11059799e-05 9.25101231e-05
5.58080000e+02 -1.30184810e-04 9.50977449e-05
5.59360000e+02 -2.00043913e-04 9.47627702e-05
5.60640000e+02 -1.00716243e-04 9.73215084e-05
5.61920000e+02 -1.56039022e-07 9.93659899e-05
5.63200000e+02 -2.75927232e-05 9.83772281e-05
5.64480000e+02 -2.37586137e-05 9.76661381e-05
5.65760000e+02 -8.76239937e-05 9.77704307e-05
5.67040000e+02 -5.77287974e-05 9.98665955e-05
5.68320000e+02 -1.23367834e-04 1.01629531e-04
5.69600000e+02 -1.68155236e-06 9.96126747e-05
5.70880000e+02 -9.18340902e-06 9.74794717e-05
5.72160000e+02 2.55062714e-05 9.81842475e-05
5.73440000e+02 -1.96929141e-05 9.71368378e-05
5.74720000e+02 1.21281273e-05 9.46839325e-05
5.76000000e+02 2.70530018e-05 9.43601235e-05
5.77280000e+02 -1.02192698e-05 9.67173358e-05
5.78560000e+02 -3.06588845e-05 9.85438417e-05
5.79840000e+02 1.63687982e-05 9.47248107e-05
5.81120000e+02 -4.73765285e-05 9.71627147e-05
5.82400000e+02 -3.52827847e-05 9.44494935e-05
5.83680000e+02 1.44269561e-05 9.64130435e-05
5.84960000e+02 4.54659712e-05 9.34162012e-05
5.86240000e+02 -2.86412396e-05 9.46323346e-05
5.87520000e+02 -3.58368161e-05 9.18205454e-05
5.88800000e+02 3.19160208e-05 9.22546270e-05
5.90080000e+02 -1.27436615e-05 9.28825124e-05
5.91360000e+02 8.24407925e-06 9.14479085e-05
5.92640000e+02 -1.20525947e-04 9.38478301e-05
5.93920000e+02 -1.07855762e-04 9.27807533e-05
5.95200000e+02 -8.41474612e-05 9.47538870e-05
5.96480000e+02 -2.08842630e-05 9.59627823e-05
5.97760000e+02 -3.21125117e-05 9.31685153e-05
5.99040000e+02 4.38258758e-05 9.49605033e-05
6.00320000e+02 -2.72083554e-07 9.50023962e-05
6.01600000e+02 9.35735534e-06 9.38583279e-05
6.02880000e+02 1.64094472e-05 9.20505768e-05
6.04160000e+02 5.41307090e-05 9.31984239e-05
6.05440000e+02 1.46510036e-04 9.50333125e-05
6.06720000e+02 1.85026991e-04 9.28386934e-05
6.08000000e+02 7.15721253e-05 9.26044406e-05
6.09280000e+02 9.60677426e-06 9.63128249e-05
6.10560000e+02 -4.84844859e-05 9.87776490e-05
6.11840000e+02 -9.14034172e-05 9.76913846e-05
6.13120000e+02 -4.09604036e-05 9.78399685e-05
6.14400000e+02 -6.13008979e-06 9.66309250e-05
6.15680000e+02 -2.21982627e-05 9.88115651e-05
6.16960000e+02 -6.91952591e-05 9.56182049e-05
6.18240000e+02 7.98719630e-05 9.38855815e-05
6.19520000e+02 -6.50419406e-06 9.53112887e-05
6.20800000e+02 -4.12946392e-05 9.55727200e-05
6.22080000e+02 -1.10434346e-04 9.53955751e-05
6.23360000e+02 -8.74096440e-05 9.65693193e-05
6.24640000e+02 -1.00408753e-04 9.48495440e-05
6.25920000e+02 -1.81040130e-04 9.72183637e-05
6.27200000e+02 -2.39885747e-04 9.99212808e-05
6.28480000e+02 -2.59849534e-04 9.63457045e-05
6.29760000e+02 -2.28348770e-04 9.62022639e-05
6.31040000e+02 -2.67286989e-04 9.79814171e-05
6.32320000e+02 -3.04721121e-04 9.57864652e-05
6.33600000e+02 -2.31450205e-04 9.42624112e-05
6.34880000e+02 -3.01467604e-04 9.59596031e-05
6.36160000e+02 -1.50659878e-04 9.54609791e-05
6.37440000e+02 -1.43389130e-04 9.44101602e-05
6.38720000e+02 -7.23363992e-05 9.88451807e-05
6.40000000e+02 1.37423949e-05 1.01021133e-04
6.41280000e+02 -1.97008831e-05 9.85147968e-05
6.42560000e+02 -4.02748665e-05 9.90912791e-05
6.43840000e+02 6.60087335e-06 9.77217946e-05
6.45120000e+02 -1.08885673e-04 9.71443656e-05
6.46400000e+02 -6.44919928e-05 9.46273146e-05
6.47680000e+02 -1.95664888e-05 9.67735756e-05
6.48960000e+02 -8.75381229e-05 9.37549940e-05
6.50240000e+02 1.71308493e-05 9.77533666e-05
6.51520000e+02 -2.32693092e-05 9.77958242e-05
6.52800000e+02 1.31536797e-06 9.84874906e-05
6.54080000e+02 2.38204009e-07 9.59284534e-05
6.55360000e+02 -6.49550657e-07 9.63494485e-05
6.56640000e+02 1.58355215e-05 9.70756097e-05
6.57920000e+02 3.02514945e-05 9.89683277e-05
6.59200000e+02 1.08725260e-04 9.63800414e-05
6.60480000e+02 7.35433423e-05 9.72784434e-05
6.61760000e+02 2.32972652e-05 9.81882512e-05
6.63040000e+02 2.12511932e-05 9.73772867e-05
6.64320000e+02 2.72186535e-05 9.45727943e-05
6.65600000e+02 1.71769760e-04 9.72949132e-05
6.66880000e+02 9.64943320e-05 9.37427957e-05
6.68160000e+02 8.74659236e-05 9.19745941e-05
6.69440000e+02 8.98140570e-05 9.37628799e-05
6.70720000e+02 2.02009760e-05 9.56412930e-05
6.72000000e+02 1.25070292e-05 9.47494589e-05
6.73280000e+02 -2.20811194e-06 9.52040496e-05
6.74560000e+02 2.61962559e-05 9.70057104e-05
6.75840000e+02 3.06316069e-05 9.81183241e-05
6.77120000e+02 1.50853375e-05 9.54368615e-05
6.78400000e+02 2.90567914e-05 9.32383998e-05
6.79680000e+02 -6.49565263e-05 9.59519987e-05
6.80960000e+02 -8.00002526e-05 9.47983114e-05
6.82240000e+02 -6.16712059e-05 9.71620838e-05
6.83520000e+02 -1.55196119e-06 9.85029138e-05
6.84800000e+02 -2.04747175e-06 1.00706859e-04
6.86080000e+02 -1.82183994e-05 1.01318237e-04
6.87360000e+02 -2.99629810e-05 9.86537585e-05
6.88640000e+02 -4.04313578e-05 9.62881700e-05
6.89920000e+02 -6.13142256e-05 9.82672380e-05
6.91200000e+02 5.48593707e-05 9.70658600e-05
6.92480000e+02 -6.94706569e-06 9.68426074e-05
6.93760000e+02 1.24792559e-05 9.54637871e-05
6.95040000e+02 8.19878824e-06 9.52662781e-05
6.96320000e+02 -1.65307560e-04 9.63919707e-05
6.97600000e+02 -7.26187791e-05 9.89952888e-05
6.98880000e+02 -3.10043652e-05 9.62456509e-05
7.00160000e+02 5.86065362e-05 9.54157084e-05
7.01440000e+02 -4.55119916e-05 9.67946671e-05
7.02720000e+02 2.05063207e-05 9.98837225e-05
7.04000000e+02 5.34781866e-05 9.94034770e-05
7.05280000e+02 -2.45776209e-05 1.01824697e-04
7.06560000e+02 4.67487735e-05 1.03328650e-04
7.07840000e+02 -9.13789409e-05 9.81231109e-05
7.09120000e+02 -1.92468666e-04 9.71983844e-05
7.10400000e+02 -1.13488939e-04 9.74547719e-05
7.11680000e+02 -1.76317975e-04 9.95683189e-05
7.12960000e+02 -1.75388137e-04 9.77307624e-05
7.14240000e+02 -1.70795509e-04 9.84800919e-05
7.15520000e+02 -1.60444455e-04 1.00282415e-04
7.16800000e+02 -1.30315602e-04 9.49847327e-05
7.18080000e+02 -1.23853941e-04 9.73856725e-05
7.19360000e+02 -1.11959409e-04 9.91294056e-05
7.20640000e+02 -2.27484561e-04 1.01672649e-04
7.21920000e+02 -2.45716976e-04 9.92809781e-05
7.23200000e+02 -5.80955239e-05 1.00565703e-04
7.24480000e+02 2.73617970e-05 9.71511408e-05
7.25760000e+02 1.05541039e-04 9.65339569e-05
7.27040000e+02 1.09109089e-04 9.81642997e-05
7.28320000e+02 8.47718184e-05 9.83238622e-05
7.29600000e+02 6.82899554e-05 9.82887421e-05
7.30880000e+02 1.02918195e-04 9.60019613e-05
7.32160000e+02 1.36914940e-04 9.91758181e-05
7.33440000e+02 7.85808443e-05 9.87831253e-05
7.34720000e+02 9.86632040e-06 9.87402111e-05
7.36000000e+02 3.86719603e-06 9.70319435e-05
7.37280000e+02 3.90373971e-05 9.96706393e-05
7.38560000e+02 1.22411768e-06 1.01513668e-04
7.39840000e+02 -6.46189665e-06 1.02758466e-04
7.41120000e+02 -6.25553366e-05 1.05409349e-04
7.42400000e+02 -8.99352526e-05 1.02402099e-04
7.43680000e+02 -1.53974412e-04 1.01437198e-04
7.44960000e+02 -1.81249343e-04 1.00476925e-04
7.46240000e+02 -1.56931448e-04 1.02895473e-04
7.47520000e+02 -6.10987481e-05 1.00928207e-04
7.48800000e+02 8.06939570e-05 1.03101321e-04
7.50080000e+02 1.14819428e-04 1.03028646e-04
7.51360000e+02 1.25766179e-04 1.01123634e-04
7.52640000e+02 1.46640625e-04 1.02801031e-04
7.53920000e+02 1.61990261e-04 1.00913482e-04
7.55200000e+02 1.43651152e-04 1.01333859e-04
7.56480000e+02 6.72080569e-05 1.00368333e-04
7.57760000e+02 1.23237172e-04 1.02243908e-04
7.59040000e+02 7.07227300e-05 1.00045534e-04
7.60320000e+02 8.94023397e-05 1.01841456e-04
7.61600000e+02 -1.85751142e-05 1.00921133e-04
7.62880000e+02 3.80424171e-05 1.00436532e-04
7.64160000e+02 -6.93168158e-06 1.04672332e-04
7.65440000e+02 -2.12525701e-05 1.04214454e-04
7.66720000e+02 -2.35831976e-05 9.85335031e-05
7.68000000e+02 -8.03347939e-05 1.00126136e-04
7.69280000e+02 -9.56505828e-05 1.01644258e-04
7.70560000e+02 -3.71032038e-05 9.68380754e-05
7.71840000e+02 -2.65525086e-05 9.71149116e-05
7.73120000e+02 5.02560397e-05 9.88628898e-05
7.74400000e+02 -2.95758200e-05 1.01626664e-04
7.75680000e+02 4.50911648e-05 1.00161656e-04
7.76960000e+02 -3.41399254e-06 9.67825716e-05
7.78240000e+02 7.26282233e-05 9.70242812e-05
7.79520000e+02 -1.36115468e-05 1.02543123e-04
7.80800000e+02 5.50655750e-05 1.01528302e-04
7.82080000e+02 5.09699312e-05 1.00125495e-04
7.83360000e+02 -4.78305046e-05 1.01734483e-04
7.84640000e+02 2.29456564e-05 1.05147466e-04
7.85920000e+02 1.33481444e-04 1.05206372e-04
7.87200000e+02 7.86100863e-05 1.03936836e-04
7.88480000e+02 6.82962782e-05 9.96449657e-05
7.89760000e+02 1.26239698e-04 1.03017010e-04
7.91040000e+02 4.62804346e-05 1.02365966e-04
7.92320000e+02 3.58714242e-05 1.02288438e-04
7.93600000e+02 9.96765375e-05 1.04883538e-04
7.94880000e+02 5.34225910e-05 1.01698392e-04
7.96160000e+02 2.27417809e-06 1.00149448e-04
7.97440000e+02 8.37399784e-05 1.03120758e-04
7.98720000e+02 2.99198509e-05 1.01172863e-04
8.00000000e+02 9.56630320e-05 1.02911255e-04
8.01280000e+02 -1.90093942e-05 1.02868223e-04
8.02560000e+02 -1.64128229e-04 1.01455849e-04
8.03840000e+02 -1.11436908e-04 1.01627912e-04
8.05120000e+02 -9.38309895e-05 1.01085523e-04
8.06400000e+02 1.83093596e-06 1.01978202e-04
8.07680000e+02 -3.75710370e-05 1.02859917e-04
8.08960000e+02 -7.61826304e-05 1.04107860e-04
8.10240000e+02 -1.78348695e-04 1.04293909e-04
8.11520000e+02 -1.42507648e-04 1.05192052e-04
8.12800000e+02 -7.19594755e-05 1.03324056e-04
8.14080000e+02 -5.20197718e-05 1.01376632e-04
8.15360000e+02 -9.01824242e-05 1.01280355e-04
8.16640000e+02 -9.36357101e-05 1.03040593e-04
8.17920000e+02 -2.40374920e-05 1.01599552e-04
8.19200000e+02 1.74981600e-04 1.05084602e-04
8.20480000e+02 1.39188662e-04 1.04999065e-04
8.21760000e+02 5.40643414e-05 1.06096920e-04
8.23040000e+02 -6.79812656e-05 1.04357546e-04
8.24320000e+02 -8.54386890e-05 1.07326672e-04
8.25600000e+02 -1.08643755e-04 1.07070177e-04
8.26880000e+02 -9.40484242e-05 1.05037008e-04
8.28160000e+02 -1.02233382e-04 1.04380098e-04
8.29440000e+02 -6.94263290e-05 1.04424962e-04
8.30720000e+02 -1.50546257e-04 1.05693767e-04
8.32000000e+02 -9.81769554e-05 1.07033102e-04
8.33280000e+02 -1.53983186e-04 1.02931600e-04
8.34560000e+02 -6.08205994e-07 1.00450528e-04
8.35840000e+02 1.89289203e-05 9.88003651e-05
8.37120000e+02 7.77017049e-05 9.96319052e-05
8.38400000e+02 1.35968061e-04 1.04117812e-04
8.39680000e+02 1.04647108e-04 1.03954517e-04
8.40960000e+02 1.08767679e-04 1.04090328e-04
8.42240000e+02 1.08597036e-04 1.10143917e-04
8.43520000e+02 4.65755693e-05 1.08412065e-04
8.44800000e+02 7.57324015e-05 1.07492293e-04
8.46080000e+02 1.79866853e-04 1.05207456e-04
8.47360000e+02 6.41243314e-05 1.00812549e-04
8.48640000e+02 1.13874616e-04 1.03071468e-04
8.49920000e+02 5.94051053e-05 1.02723438e-04
8.51200000e+02 9.90019835e-05 1.01324301e-04
8.52480000e+02 -8.14597388e-06 1.00126211e-04
8.53760000e+02 -3.10134128e-05 1.01747892e-04
8.55040000e+02 -1.12967005e-04 1.05553100e-04
8.56320000e+02 -1.05585183e-04 1.03806454e-04
8.57600000e+02 2.74619342e-05 1.03211003e-04
8.58880000e+02 1.47722909e-04 1.03703076e-04
8.60160000e+02 1.26070940e-04 1.04958233e-04
8.61440000e+02 1.83429249e-04 1.04876871e-04
8.62720000e+02 4.81818861e-05 1.04424504e-04
8.64000000e+02 8.25400930e-05 1.07691990e-04
8.65280000e+02 8.55053149e-05 1.08436654e-04
8.66560000e+02 3.89591587e-05 1.11398813e-04
8.67840000e+02 -2.30651422e-05 1.10729807e-04
8.69120000e+02 4.97168621e-05 1.11290898e-04
8.70400000e+02 -1.65671754e-05 1.08619090e-04
8.71680000e+02 -7.08593288e-05 1.05231253e-04
8.72960000e+02 -2.66505613e-05 1.05072242e-04
8.74240000e+02 1.78768300e-04 1.05301820e-04
8.75520000e+02 1.88104634e-04 1.05833524e-04
8.76800000e+02 2.06250479e-04 1.06718329e-04
8.78080000e+02 9.58494129e-05 1.02716660e-04
8.79360000e+02 1.64904253e-04 1.05222236e-04
8.80640000e+02 1.07251915e-04 1.06828096e-04
8.81920000e+02 8.96613492e-05 1.04810067e-04
8.83200000e+02 -4.04345155e-05 1.04091793e-04
8.84480000e+02 -1.08133354e-05 1.07953009e-04
8.85760000e+02 -1.01327721e-04 1.06991196e-04
8.87040000e+02 -1.21244026e-04 1.07076443e-04
8.88320000e+02 -8.77820203e-05 1.08209806e-04
8.89600000e+02 -8.35849132e-05 1.12024709e-04
8.90880000e+02 -1.02629063e-04 1.12971561e-04
8.92160000e+02 -1.58352428e-04 1.09060725e-04
8.93440000e+02 -1.28238404e-04 1.08926062e-04
8.94720000e+02 -1.78722708e-04 1.06003095e-04
8.96000000e+02 -2.23008727e-04 1.06524716e-04
8.97280000e+02 -2.12350526e-04 1.09493208e-04
8.98560000e+02 -1.56312206e-04 1.09678034e-04
8.99840000e+02 -1.13365102e-04 1.09121276e-04
9.01120000e+02 -2.26085904e-05 1.07807841e-04
9.02400000e+02 -5.61268753e-05 1.05574777e-04
9.03680000e+02 1.88991307e-05 9.98048019e-05
9.04960000e+02 -2.79695432e-05 1.00584823e-04
9.06240000e+02 -4.72501888e-05 1.02763238e-04
9.07520000e+02 -1.61262069e-05 1.03010422e-04
9.08800000e+02 -1.08148881e-04 1.05138664e-04
9.10080000e+02 -2.25187705e-05 1.05400184e-04
9.11360000e+02 -5.42335620e-05 1.08527539e-04
9.12640000e+02 -1.52393850e-05 1.07389791e-04
9.13920000e+02 -2.94787205e-05 1.04532276e-04
9.15200000e+02 -1.13832808e-04 1.06958286e-04
9.16480000e+02 -8.32787700e-05 1.09617819e-04
9.17760000e+02 -1.84890800e-04 1.08838908e-04
9.19040000e+02 -2.08268990e-04 1.06156340e-04
9.20320000e+02 -1.35068069e-04 1.07289688e-04
9.21600000e+02 -1.67467282e-04 1.09056317e-04
9.22880000e+02 -1.79327471e-04 1.06062749e-04
9.24160000e+02 -1.46099730e-04 1.04489702e-04
9.25440000e+02 -1.40662218e-04 1.06497222e-04
9.26720000e+02 4.51433807e-05 1.08037524e-04
9.28000000e+02 3.99644014e-05 1.07566017e-04
9.29280000e+02 -9.71537665e-05 1.05681329e-04
9.30560000e+02 -4.14092683e-05 1.09715699e-04
9.31840000e+02 -5.20353206e-05 1.10543897e-04
9.33120000e+02 -1.28993697e-05 1.12994466e-04
9.34400000e+02 -4.54039910e-05 1.13638116e-04
9.35680000e+02 -8.27944386e-05 1.11042684e-04
9.36960000e+02 1.38652358e-05 1.11306402e-04
9.38240000e+02 -3.58573288e-06 1.10251371e-04
9.39520000e+02 -5.31840124e-05 1.03592164e-04
9.40800000e+02 -7.46874357e-05 1.09683427e-04
9.42080000e+02 1.87274563e-05 1.07392070e-04
9.43360000e+02 8.12229700e-05 1.10331878e-04
9.44640000e+02 -1.55050329e-05 1.13228740e-04
9.45920000e+02 2.07971316e-05 1.16851655e-04
9.47200000e+02 -3.59269507e-05 1.13065331e-04
9.48480000e+02 6.35632387e-05 1.09434206e-04
9.49760000e+02 8.31630168e-05 1.09785156e-04
9.51040000e+02 2.03197542e-05 1.09959520e-04
9.52320000e+02 -1.02122460e-04 1.09703597e-04
9.53600000e+02 -1.08382359e-04 1.13323522e-04
9.54880000e+02 -1.68976447e-04 1.14978601e-04
9.56160000e+02 -1.76530579e-04 1.14261170e-04
9.57440000e+02 -1.96195077e-04 1.13084832e-04
9.58720000e+02 -1.94309599e-04 1.14915658e-04
9.60000000e+02 -1.04458442e-04 1.12280713e-04
9.61280000e+02 -5.03347983e-05 1.11743785e-04
9.62560000e+02 -6.39421705e-05 1.12170081e-04
9.63840000e+02 -7.44528152e-05 1.10660989e-04
9.65120000e+02 5.99191335e-05 1.08904443e-04
9.66400000e+02 -2.80886470e-05 1.09144080e-04
9.67680000e+02 -1.24446306e-04 1.12396838e-04
9.68960000e+02 -1.18136966e-04 1.08558840e-04
9.70240000e+02 -1.50159409e-04 1.07605519e-04
9.71520000e+02 -7.80738919e-05 1.11379185e-04
9.72800000e+02 3.84103587e-05 1.07749310e-04
9.74080000e+02 7.34413770e-05 1.06921279e-04
9.75360000e+02 4.56912530e-05 1.05953087e-04
9.76640000e+02 3.66726672e-05 1.05222158e-04
9.77920000e+02 1.51414773e-04 1.07948983e-04
9.79200000e+02 1.12578709e-04 1.09088524e-04
9.80480000e+02 1.25826991e-04 1.14114212e-04
9.81760000e+02 1.20818877e-04 1.16840971e-04
9.83040000e+02 1.85675905e-04 1.12826568e-04
9.84320000e+02 1.87648373e-04 1.09812407e-04
9.85600000e+02 2.51421152e-04 1.08071938e-04
9.86880000e+02 1.87672951e-04 1.05576165e-04
9.88160000e+02 1.39089345e-04 1.07804897e-04
9.89440000e+02 2.58193759e-04 1.06284571e-04
9.90720000e+02 1.95632645e-04 1.09624176e-04
9.92000000e+02 1.85616038e-04 1.10086132e-04
9.93280000e+02 2.15228647e-04 1.10475996e-04
9.94560000e+02 1.68554528e-04 1.10993362e-04
9.95840000e+02 5.52328820e-05 1.12148862e-04
9.97120000e+02 7.67007805e-05 1.15999945e-04
9.98400000e+02 1.41634460e-04 1.13940582e-04
9.99680000e+02 -2.25527929e-05 1.16530542e-04
1.00096000e+03 -6.32848387e-05 1.12479432e-04
1.00224000e+03 -1.85135679e-04 1.15494359e-04
1.00352000e+03 -2.46608048e-04 1.12902719e-04
1.00480000e+03 -2.54508021e-04 1.11494772e-04
1.00608000e+03 -2.38279797e-04 1.12875801e-04
1.00736000e+03 -1.12307658e-04 1.10237715e-04
1.00864000e+03 -1.59353091e-04 1.08570003e-04
1.00992000e+03 -7.91986095e-05 1.11186381e-04
1.01120000e+03 1.50776586e-05 1.11649463e-04
1.01248000e+03 -2.04378139e-05 1.14432739e-04
1.01376000e+03 -9.56109507e-05 1.18888437e-04
1.01504000e+03 -1.23019112e-04 1.18049126e-04
1.01632000e+03 -1.63177159e-04 1.17106142e-04
1.01760000e+03 -1.91148953e-04 1.14823119e-04
1.01888000e+03 -1.56240800e-04 1.17413727e-04
1.02016000e+03 -7.74198779e-05 1.15716740e-04
1.02144000e+03 -8.50949000e-05 1.14343327e-04
1.02272000e+03 -9.85203660e-05 1.13271595e-04
1.02400000e+03 -8.59787469e-05 1.15049377e-04
1.02528000e+03 -5.15861575e-05 1.17208799e-04
1.02656000e+03 5.77197679e-05 1.17579292e-04
1.02784000e+03 6.88275250e-05 1.17420024e-04
1.02912000e+03 1.00910387e-04 1.18187201e-04
1.03040000e+03 1.05200925e-04 1.15908923e-04
1.03168000e+03 1.62440032e-04 1.15914495e-04
1.03296000e+03 8.23635346e-05 1.15033832e-04
1.03424000e+03 1.96567009e-04 1.14814890e-04
1.03552000e+03 1.42863195e-04 1.20942739e-04
1.03680000e+03 8.04188094e-05 1.20838298e-04
1.03808000e+03 5.08420671e-05 1.23323245e-04
1.03936000e+03 1.45615835e-04 1.22274172e-04
1.04064000e+03 6.94354458e-05 1.18513725e-04
1.04192000e+03 2.52636619e-05 1.17287608e-04
1.04320000e+03 -2.41098242e-05 1.13831993e-04
1.04448000e+03 -1.71255582e-04 1.11812000e-04
1.04576000e+03 -7.24085476e-05 1.12338195e-04
1.04704000e+03 -4.12628397e-05 1.10204183e-04
1.04832000e+03 -1.57818402e-04 1.07089870e-04
1.04960000e+03 -1.24532700e-04 1.08898056e-04
1.05088000e+03 -6.30212016e-05 1.10372407e-04
1.05216000e+03 -7.74357031e-05 1.09446022e-04
1.05344000e+03 -4.74065164e-05 1.11088689e-04
1.05472000e+03 -6.44857137e-05 1.13672806e-04
1.05600000e+03 -2.35996704e-05 1.15515159e-04
1.05728000e+03 -4.22531120e-05 1.14768349e-04
1.05856000e+03 5.48289026e-05 1.18369692e-04
1.05984000e+03 1.45322745e-04 1.22334257e-04
1.06112000e+03 5.24903007e-05 1.22904046e-04
1.06240000e+03 8.60126602e-05 1.22634606e-04
1.06368000e+03 1.55253860e-04 1.24290879e-04
1.06496000e+03 7.52430788e-05 1.22542459e-04
1.06624000e+03 6.30101349e-05 1.20309715e-04
1.06752000e+03 4.14066672e-05 1.16704092e-04
1.06880000e+03 -8.24878589e-06 1.16139844e-04
1.07008000e+03 -1.24428276e-04 1.18695719e-04
1.07136000e+03 -1.31471956e-04 1.17112796e-04
1.07264000e+03 -1.64298079e-04 1.14394294e-04
1.07392000e+03 -1.06680367e-04 1.15444803e-04
1.07520000e+03 -8.23417213e-05 1.13818711e-04
1.07648000e+03 -3.46888264e-05 1.11843359e-04
1.07776000e+03 -3.29901741e-05 1.12305200e-04
1.07904000e+03 -3.33055104e-05 1.14063776e-04
1.08032000e+03 7.97276061e-06 1.15611532e-04
1.08160000e+03 -7.52688793e-05 1.17586169e-04
1.08288000e+03 -3.54673975e-05 1.20241847e-04
1.08416000e+03 3.76581629e-05 1.18292311e-04
1.08544000e+03 5.42387606e-05 1.19480965e-04
1.08672000e+03 -4.19364696e-05 1.22218674e-04
1.08800000e+03 -7.34334026e-05 1.22146527e-04
1.08928000e+03 -4.78512084e-05 1.21618393e-04
1.09056000e+03 1.10026354e-04 1.19283952e-04
1.09184000e+03 1.64716563e-04 1.18796133e-04
1.09312000e+03 2.44665862e-04 1.17877353e-04
1.09440000e+03 3.63808249e-05 1.16953875e-04
1.09568000e+03 5.73847319e-05 1.22162787e-04
1.09696000e+03 1.14633571e-04 1.18543448e-04
1.09824000e+03 1.21716170e-04 1.18319150e-04
1.09952000e+03 3.84408559e-05 1.21061133e-04
1.10080000e+03 6.32402880e-05 1.20715415e-04
1.10208000e+03 -6.84186125e-06 1.19409674e-04
1.10336000e+03 -6.81836464e-05 1.15240167e-04
1.10464000e+03 -1.12817215e-04 1.15244416e-04
1.10592000e+03 -2.21597962e-04 1.17306847e-04
1.10720000e+03 -2.18033805e-04 1.11269254e-04
1.10848000e+03 -1.82678938e-04 1.12857015e-04
1.10976000e+03 -1.39188691e-04 1.16412122e-04
1.11104000e+03 -2.11718609e-04 1.20389839e-04
1.11232000e+03 -3.10057687e-04 1.21250121e-04
1.11360000e+03 -3.15445650e-04 1.19915410e-04
1.11488000e+03 -2.15262859e-04 1.21276165e-04
1.11616000e+03 -2.47042044e-04 1.21191514e-04
1.11744000e+03 -2.58663174e-04 1.23104468e-04
1.11872000e+03 -2.69707118e-04 1.20624945e-04
1.12000000e+03 -3.02055239e-04 1.19556803e-04
1.12128000e+03 -2.72099365e-04 1.19186358e-04
1.12256000e+03 -2.80565349e-04 1.20889658e-04
1.12384000e+03 -3.06132075e-04 1.20454156e-04
1.12512000e+03 -1.87126861e-04 1.18699347e-04
1.12640000e+03 -1.82064730e-04 1.17785892e-04
1.12768000e+03 -1.18635129e-04 1.18383549e-04
1.12896000e+03 -1.16896183e-04 1.15962341e-04
1.13024000e+03 -4.26276965e-05 1.18054468e-04
1.13152000e+03 -4.52210952e-05 1.16181084e-04
1.13280000e+03 -1.09292399e-04 1.14747487e-04
1.13408000e+03 7.68426835e-05 1.19057994e-04
1.13536000e+03 3.74511437e-05 1.17510461e-04
1.13664000e+03 2.16583081e-04 1.18543743e-04
1.13792000e+03 9.88753527e-05 1.12888645e-04
1.13920000e+03 1.31159541e-04 1.13779191e-04
1.14048000e+03 1.01805592e-04 1.16236105e-04
1.14176000e+03 -6.10946790e-06 1.17587839e-04
1.14304000e+03 1.34355243e-04 1.18888889e-04
1.14432000e+03 1.05128049e-04 1.20317242e-04
1.14560000e+03 -9.93721733e-06 1.24795015e-04
1.14688000e+03 -3.83920051e-05 1.28074064e-04
1.14816000e+03 -1.28948712e-04 1.29668603e-04
1.14944000e+03 -1.31483277e-04 1.28890763e-04
1.15072000e+03 -6.47521883e-05 1.29336063e-04
1.15200000e+03 -1.18545300e-04 1.24103378e-04
1.15328000e+03 -1.27118125e-04 1.26061636e-04
1.15456000e+03 -1.14560957e-04 1.22236691e-04
1.15584000e+03 -1.31051202e-04 1.19829680e-04
1.15712000e+03 -1.16204305e-04 1.23730975e-04
1.15840000e+03 -1.41553421e-04 1.23328681e-04
1.15968000e+03 -1.65412857e-04 1.26250597e-04
1.16096000e+03 -1.68944927e-04 1.22335554e-04
1.16224000e+03 -1.36005707e-04 1.28925807e-04
1.16352000e+03 -9.24887790e-05 1.25443733e-04
1.16480000e+03 -2.31307399e-06 1.26326813e-04
1.16608000e+03 -6.83972394e-05 1.28235310e-04
1.16736000e+03 -7.87887257e-05 1.22881687e-04
1.16864000e+03 -8.86090129e-05 1.27076478e-04
1.16992000e+03 -6.09806302e-05 1.24941078e-04
1.17120000e+03 8.18891422e-05 1.25933129e-04
1.17248000e+03 5.80696469e-05 1.14267197e-04
1.17376000e+03 1.39112162e-04 1.17962344e-04
1.17504000e+03 1.67546808e-04 1.19022130e-04
1.17632000e+03 1.54561814e-04 1.17011656e-04
1.17760000e+03 1.07959153e-04 1.19840764e-04
1.17888000e+03 -3.10868199e-05 1.22149059e-04
1.18016000e+03 8.96586571e-05 1.24948912e-04
1.18144000e+03 -3.63140657e-06 1.26066019e-04
1.18272000e+03 9.28208610e-05 1.31996232e-04
1.18400000e+03 1.41841738e-04 1.30031430e-04
1.18528000e+03 1.94721579e-04 1.28904441e-04
1.18656000e+03 2.54880986e-04 1.25835683e-04
1.18784000e+03 1.19704775e-04 1.23990761e-04
1.18912000e+03 1.16379262e-04 1.22492269e-04
1.19040000e+03 -9.91686829e-05 1.26231644e-04
1.19168000e+03 -1.86766832e-04 1.24632575e-04
1.19296000e+03 -1.24620507e-04 1.26887902e-04
1.19424000e+03 -2.35914602e-04 1.25660221e-04
1.19552000e+03 -9.91680645e-05 1.22555027e-04
1.19680000e+03 4.69269289e-05 1.22328246e-04
1.19808000e+03 9.61810074e-05 1.22094878e-04
1.19936000e+03 2.13664156e-04 1.26137781e-04
1.20064000e+03 4.07219522e-05 1.31818466e-04
1.20192000e+03 3.63916915e-05 1.31260729e-04
1.20320000e+03 2.09195277e-04 1.29103606e-04
1.20448000e+03 3.12661577e-04 1.28406243e-04
1.20576000e+03 2.25959753e-04 1.24951635e-04
1.20704000e+03 9.68899985e-05 1.22568808e-04
1.20832000e+03 6.55398026e-06 1.23060893e-04
1.20960000e+03 4.14571405e-05 1.28042396e-04
1.21088000e+03 8.00527196e-05 1.30722425e-04
1.21216000e+03 1.11181420e-04 1.26958164e-04
1.21344000e+03 3.53148334e-06 1.26801839e-04
1.21472000e+03 2.89923992e-05 1.24940700e-04
1.21600000e+03 7.93391300e-05 1.25083906e-04
1.21728000e+03 7.35496506e-05 1.23894078e-04
1.21856000e+03 1.19489712e-04 1.24771454e-04
1.21984000e+03 -9.64732826e-05 1.25655944e-04
1.22112000e+03 -8.94342011e-05 1.28890752e-04
1.22240000e+03 -6.20968422e-06 1.27577833e-04
1.22368000e+03 2.02919560e-04 1.28228351e-04
1.22496000e+03 6.20776700e-05 1.30835489e-04
1.22624000e+03 1.46932462e-05 1.26171517e-04
1.22752000e+03 2.01258645e-05 1.24865336e-04
1.22880000e+03 -8.46237162e-05 1.24820851e-04
1.23008000e+03 -1.92624779e-04 1.24003405e-04
1.23136000e+03 -9.25792483e-05 1.30593575e-04
1.23264000e+03 -8.38144406e-05 1.34452131e-04
1.23392000e+03 -5.34547435e-05 1.29833474e-04
1.23520000e+03 2.10929080e-04 1.27953778e-04
1.23648000e+03 2.16313041e-04 1.26569180e-04
1.23776000e+03 2.34648294e-04 1.30709680e-04
1.23904000e+03 2.45199393e-04 1.31902527e-04
1.24032000e+03 2.48098659e-04 1.31142672e-04
1.24160000e+03 2.33178420e-04 1.33730894e-04
1.24288000e+03 2.63247115e-04 1.34354360e-04
1.24416000e+03 3.70718160e-04 1.34449695e-04
1.24544000e+03 3.34624288e-04 1.30402795e-04
1.24672000e+03 3.30061070e-04 1.30893100e-04
1.24800000e+03 2.27592638e-04 1.34464131e-04
1.24928000e+03 1.12423615e-04 1.29434424e-04
1.25056000e+03 7.15696660e-05 1.30394479e-04
1.25184000e+03 -2.24792439e-05 1.30610437e-04
1.25312000e+03 6.22706211e-05 1.35174243e-04
1.25440000e+03 1.01732468e-04 1.35970454e-04
1.25568000e+03 3.20939398e-06 1.31991396e-04
1.25696000e+03 -4.83658641e-06 1.27746960e-04
1.25824000e+03 1.64009580e-05 1.27803575e-04
1.25952000e+03 -1.37574621e-04 1.28550475e-04
1.26080000e+03 -8.48403652e-05 1.30350875e-04
1.26208000e+03 -1.57535163e-04 1.30129772e-04
1.26336000e+03 -9.88931570e-05 1.33693337e-04
1.26464000e+03 -1.36512856e-04 1.33372263e-04
1.26592000e+03 3.36467929e-06 1.33942174e-04
1.26720000e+03 6.92381218e-05 1.37037188e-04
1.26848000e+03 -4.51360611e-05 1.37933918e-04
1.26976000e+03 1.19128927e-04 1.35909782e-04
1.27104000e+03 7.72244748e-05 1.37151702e-04
1.27232000e+03 8.92925236e-05 1.39862791e-04
1.27360000e+03 1.63599791e-04 1.36551116e-04
1.27488000e+03 5.88452203e-05 1.36655355e-04
1.27616000e+03 2.80306776e-05 1.31826469e-04
1.27744000e+03 6.81493702e-06 1.26421608e-04
1.27872000e+03 2.94144120e-05 1.26402611e-04
1.28000000e+03 7.10214081e-05 1.28779812e-04
1.28128000e+03 -4.07526786e-05 1.36117370e-04
1.28256000e+03 -1.44626843e-04 1.33880680e-04
1.28384000e+03 2.44718285e-05 1.31780997e-04
1.28512000e+03 1.07287691e-04 1.32975891e-04
1.28640000e+03 4.78543188e-05 1.37799335e-04
1.28768000e+03 2.35094180e-04 1.37065757e-04
1.28896000e+03 2.07302175e-04 1.34568173e-04
1.29024000e+03 3.27695161e-04 1.33879747e-04
1.29152000e+03 2.16579137e-04 1.36198081e-04
1.29280000e+03 1.79069175e-04 1.32373604e-04
1.29408000e+03 -2.49003861e-05 1.33323536e-04
1.29536000e+03 4.19481439e-05 1.33125331e-04
1.29664000e+03 4.77909343e-05 1.27772909e-04
1.29792000e+03 -3.70705493e-05 1.26702149e-04
1.29920000e+03 -9.45819629e-05 1.27277298e-04
1.30048000e+03 7.34478817e-05 1.31486200e-04
1.30176000e+03 4.06270374e-05 1.34276464e-04
1.30304000e+03 1.71177307e-05 1.33993516e-04
1.30432000e+03 -1.49458327e-04 1.35372800e-04
1.30560000e+03 -9.53588897e-05 1.34422651e-04
1.30688000e+03 -3.79216945e-05 1.34107952e-04
1.30816000e+03 5.66923627e-05 1.29260366e-04
1.30944000e+03 1.13564303e-04 1.29506317e-04
1.31072000e+03 6.20680794e-06 1.30286650e-04
1.31200000e+03 -8.41053770e-05 1.32461559e-04
1.31328000e+03 1.68316241e-04 1.30464213e-04
1.31456000e+03 1.10878835e-04 1.27079028e-04
1.31584000e+03 1.85599332e-04 1.28541085e-04
1.31712000e+03 2.08621117e-04 1.34980002e-04
1.31840000e+03 1.18346688e-04 1.37985270e-04
1.31968000e+03 6.60111400e-05 1.36767055e-04
1.32096000e+03 -6.92538697e-06 1.36599476e-04
1.32224000e+03 1.12083784e-04 1.39455222e-04
1.32352000e+03 1.42918379e-05 1.35951447e-04
1.32480000e+03 6.63074161e-06 1.33730392e-04
1.32608000e+03 -8.27250988e-05 1.33504077e-04
1.32736000e+03 -4.73682594e-05 1.37151257e-04
1.32864000e+03 -5.44113027e-05 1.34766533e-04
1.32992000e+03 -1.34426460e-04 1.35070590e-04
1.33120000e+03 -1.06597116e-04 1.33623588e-04
1.33248000e+03 -1.64624042e-04 1.34109278e-04
1.33376000e+03 -1.37010997e-04 1.34983060e-04
1.33504000e+03 -1.38446703e-04 1.31492872e-04
1.33632000e+03 5.45290050e-06 1.32014492e-04
1.33760000e+03 9.95646624e-05 1.30316233e-04
1.33888000e+03 6.18271006e-05 1.30836916e-04
1.34016000e+03 -2.37063614e-05 1.32914981e-04
1.34144000e+03 5.85402959e-05 1.33449701e-04
1.34272000e+03 1.56910304e-04 1.38428499e-04
1.34400000e+03 2.31859929e-04 1.38186187e-04
1.34528000e+03 1.13565031e-04 1.37906508e-04
1.34656000e+03 1.85179102e-04 1.38018119e-04
1.34784000e+03 2.29793193e-04 1.38377334e-04
1.34912000e+03 3.13024066e-04 1.36897943e-04
1.35040000e+03 2.05802397e-04 1.37965698e-04
1.35168000e+03 9.97667885e-05 1.40641714e-04
1.35296000e+03 1.17859694e-04 1.41708594e-04
1.35424000e+03 1.42576318e-04 1.38157405e-04
1.35552000e+03 1.42662146e-04 1.40205809e-04
1.35680000e+03 1.20588375e-04 1.40847251e-04
1.35808000e+03 -5.48469652e-05 1.42225613e-04
1.35936000e+03 -1.67914368e-05 1.42093280e-04
1.36064000e+03 1.78169721e-04 1.45722828e-04
1.36192000e+03 1.79513299e-04 1.44282379e-04
1.36320000e+03 1.27732987e-04 1.46036440e-04
1.36448000e+03 1.01363083e-04 1.49497751e-04
1.36576000e+03 4.54479050e-05 1.50796815e-04
1.36704000e+03 1.79575345e-05 1.50674618e-04
1.36832000e+03 1.06026993e-04 1.50963324e-04
1.36960000e+03 -8.10934871e-05 1.40541480e-04
1.37088000e+03 6.55240656e-05 1.37183244e-04
1.37216000e+03 8.97855716e-05 1.34159834e-04
1.37344000e+03 -1.16747276e-06 1.38573441e-04
1.37472000e+03 -2.92306540e-05 1.42901679e-04
1.37600000e+03 -3.97002696e-05 1.43900771e-04
1.37728000e+03 2.60740082e-04 1.44293543e-04
1.37856000e+03 3.48762871e-04 1.43299538e-04
1.37984000e+03 1.70442610e-04 1.44558107e-04
1.38112000e+03 6.98350777e-05 1.42597467e-04
1.38240000e+03 1.55910111e-05 1.38938984e-04
1.38368000e+03 -1.12814290e-04 1.41964808e-04
1.38496000e+03 -5.56286068e-05 1.35569780e-04
1.38624000e+03 -6.66156920e-05 1.38679291e-04
1.38752000e+03 -1.00210578e-04 1.38363343e-04
1.38880000e+03 -8.66734772e-05 1.41445652e-04
1.39008000e+03 -1.56281894e-04 1.42381392e-04
1.39136000e+03 -5.96866957e-05 1.42283965e-04
1.39264000e+03 6.95688868e-06 1.39785097e-04
1.39392000e+03 6.33375821e-05 1.39411308e-04
1.39520000e+03 2.41622547e-04 1.41165032e-04
1.39648000e+03 2.01246774e-04 1.47101253e-04
1.39776000e+03 1.87450161e-04 1.47607367e-04
1.39904000e+03 2.02663839e-04 1.42966823e-04
1.40032000e+03 8.33434315e-05 1.45015791e-04
1.40160000e+03 9.08950169e-05 1.46084498e-04
1.40288000e+03 1.51650442e-04 1.40833270e-04
1.40416000e+03 1.05028848e-04 1.39548812e-04
1.40544000e+03 -6.83920007e-05 1.41609463e-04
1.40672000e+03 -1.60904980e-04 1.45217766e-04
1.40800000e+03 -1.04200590e-04 1.49219117e-04
1.40928000e+03 -3.50492928e-06 1.49000797e-04
1.41056000e+03 6.71068265e-05 1.43223947e-04
1.41184000e+03 5.53501850e-05 1.45029098e-04
1.41312000e+03 3.40024380e-05 1.46740320e-04
1.41440000e+03 -1.41200644e-05 1.45161113e-04
1.41568000e+03 -3.80539313e-05 1.46648148e-04
1.41696000e+03 -4.52132599e-06 1.47753953e-04
1.41824000e+03 -1.72956861e-04 1.42454332e-04
1.41952000e+03 2.39925139e-05 1.47225591e-04
1.42080000e+03 -9.19660088e-05 1.41103903e-04
1.42208000e+03 -7.41253825e-05 1.36883080e-04
1.42336000e+03 3.85532112e-05 1.39824540e-04
1.42464000e+03 2.73181304e-05 1.47304223e-04
1.42592000e+03 -3.69490845e-05 1.53369080e-04
1.42720000e+03 -1.17029806e-04 1.52636772e-04
1.42848000e+03 -1.69172243e-04 1.52254681e-04
1.42976000e+03 -4.30374166e-05 1.54908775e-04
1.43104000e+03 -1.20180448e-04 1.52355675e-04
1.43232000e+03 -1.68035782e-04 1.51148410e-04
1.43360000e+03 -1.15195791e-04 1.51593866e-04
1.43488000e+03 -2.96420505e-04 1.47079509e-04
1.43616000e+03 -4.22802579e-04 1.47585664e-04
1.43744000e+03 -2.96917715e-04 1.46400443e-04
1.43872000e+03 -2.66936753e-04 1.49116885e-04
1.44000000e+03 -3.39427410e-04 1.44854405e-04
1.44128000e+03 -3.44739470e-04 1.49549196e-04
1.44256000e+03 -2.41504007e-04 1.46302879e-04
1.44384000e+03 -2.20294387e-04 1.44991031e-04
1.44512000e+03 -3.04874993e-04 1.47982439e-04
1.44640000e+03 -1.60636395e-04 1.48409157e-04
1.44768000e+03 -1.05224848e-04 1.51240770e-04
1.44896000e+03 5.20724934e-05 1.51554140e-04
1.45024000e+03 -3.76238677e-05 1.49624167e-04
1.45152000e+03 -1.29110398e-04 1.47773727e-04
1.45280000e+03 -1.21272868e-04 1.46169393e-04
1.45408000e+03 -5.11292892e-05 1.49731121e-04
1.45536000e+03 -1.78060927e-05 1.49513825e-04
1.45664000e+03 1.33643625e-05 1.48715687e-04
1.45792000e+03 1.93951404e-04 1.45113041e-04
1.45920000e+03 2.20800503e-04 1.46537316e-04
1.46048000e+03 9.82050697e-05 1.46106544e-04
1.46176000e+03 1.73709195e-05 1.53833120e-04
1.46304000e+03 -8.48528216e-05 1.57683319e-04
1.46432000e+03 -6.78469514e-05 1.57877734e-04
1.46560000e+03 -1.52265799e-04 1.57877827e-04
1.46688000e+03 -1.16774871e-04 1.61718282e-04
1.46816000e+03 -1.21400517e-04 1.58996749e-04
1.46944000e+03 -2.49479461e-04 1.60176451e-04
1.47072000e+03 -1.01956939e-04 1.54640134e-04
1.47200000e+03 -1.68894534e-04 1.51545026e-04
1.47328000e+03 9.29120288e-05 1.51611399e-04
1.47456000e+03 9.55371943e-05 1.53671796e-04
1.47584000e+03 1.25220962e-04 1.47285326e-04
1.47712000e+03 5.82740358e-05 1.52758891e-04
1.47840000e+03 -1.23081481e-04 1.51101348e-04
1.47968000e+03 -9.60680482e-05 1.55122017e-04
1.48096000e+03 -1.91521278e-04 1.52877814e-04
1.48224000e+03 -1.70794199e-04 1.56639191e-04
1.48352000e+03 -2.16888642e-04 1.53773012e-04
1.48480000e+03 -1.81023483e-04 1.50295535e-04
1.48608000e+03 -1.70941144e-04 1.45559657e-04
1.48736000e+03 -1.32598361e-04 1.48141744e-04
1.48864000e+03 -1.34775168e-04 1.48418214e-04
1.48992000e+03 -1.33322974e-04 1.49017873e-04
1.49120000e+03 -2.32127844e-04 1.52051744e-04
1.49248000e+03 -2.68773118e-04 1.54800617e-04
1.49376000e+03 -1.87055150e-04 1.55512639e-04
1.49504000e+03 -3.28794908e-04 1.59000486e-04
1.49632000e+03 -3.33184929e-04 1.60530485e-04
1.49760000e+03 -2.03020129e-04 1.61449567e-04
1.49888000e+03 -4.91577448e-05 1.62179490e-04
1.50016000e+03 1.05154868e-04 1.65891367e-04
1.50144000e+03 -1.18109303e-04 1.64804385e-04
1.50272000e+03 5.09041929e-05 1.68540220e-04
1.50400000e+03 1.21564837e-04 1.63258837e-04
1.50528000e+03 -1.52919529e-05 1.58772766e-04
1.50656000e+03 -5.58128631e-05 1.57011322e-04
1.50784000e+03 -5.34001847e-05 1.59897035e-04
1.50912000e+03 -8.55353937e-05 1.53643925e-04
1.51040000e+03 -1.21067453e-04 1.62200719e-04
1.51168000e+03 -1.69609149e-04 1.64289138e-04
1.51296000e+03 -2.47823627e-04 1.63522751e-04
1.51424000e+03 -4.61749558e-04 1.62809922e-04
1.51552000e+03 -4.38654941e-04 1.60440255e-04
1.51680000e+03 -2.31344777e-04 1.60602206e-04
1.51808000e+03 -6.38596612e-05 1.59317220e-04
1.51936000e+03 -1.98891605e-04 1.63280254e-04
1.52064000e+03 -2.12992818e-04 1.62672227e-04
1.52192000e+03 -1.43778307e-04 1.64673402e-04
1.52320000e+03 -9.92041823e-05 1.61450297e-04
1.52448000e+03 -2.77565938e-04 1.58160595e-04
1.52576000e+03 -2.33427811e-04 1.60925429e-04
1.52704000e+03 -2.05107899e-05 1.65542558e-04
1.52832000e+03 -9.08544316e-05 1.61727684e-04
1.52960000e+03 -9.89625478e-05 1.63042354e-04
1.53088000e+03 -1.45531740e-04 1.69072488e-04
1.53216000e+03 -2.22628169e-05 1.64022386e-04
1.53344000e+03 -1.06327803e-04 1.66477802e-04
1.53472000e+03 -5.76966631e-05 1.64995331e-04
1.53600000e+03 3.02988701e-05 1.63576169e-04
1.53728000e+03 4.60287310e-06 1.63575454e-04
1.53856000e+03 -9.69754092e-06 1.60751572e-04
1.53984000e+03 -2.15138862e-04 1.63665754e-04
1.54112000e+03 -2.10703904e-04 1.60525920e-04
1.54240000e+03 -1.93068641e-04 1.60998071e-04
1.54368000e+03 -1.92640233e-04 1.60064921e-04
1.54496000e+03 -2.74831313e-04 1.62341685e-04
1.54624000e+03 -2.23974246e-04 1.64580878e-04
1.54752000e+03 -1.10668392e-04 1.65960847e-04
1.54880000e+03 -1.19686323e-04 1.64368489e-04
1.55008000e+03 -1.85254032e-06 1.64939562e-04
1.55136000e+03 8.23917362e-05 1.63703433e-04
1.55264000e+03 2.23629540e-05 1.67242282e-04
1.55392000e+03 1.06872991e-04 1.70503894e-04
1.55520000e+03 -1.24107071e-04 1.71100671e-04
1.55648000e+03 3.87184191e-05 1.69158473e-04
1.55776000e+03 -3.26783120e-05 1.68832387e-04
1.55904000e+03 -5.80622363e-05 1.70779643e-04
1.56032000e+03 1.19835146e-04 1.72077705e-04
1.56160000e+03 2.16318091e-04 1.72784228e-04
1.56288000e+03 2.84202950e-04 1.77796359e-04
1.56416000e+03 2.57707754e-04 1.74848580e-04
1.56544000e+03 1.19857687e-04 1.78166158e-04
1.56672000e+03 2.13095598e-04 1.73009286e-04
1.56800000e+03 1.74880013e-04 1.70651645e-04
1.56928000e+03 1.44069185e-04 1.76544395e-04
1.57056000e+03 1.37780386e-04 1.70050352e-04
1.57184000e+03 1.70521962e-04 1.73711474e-04
1.57312000e+03 1.16602576e-04 1.77422397e-04
1.57440000e+03 8.44483511e-05 1.74880520e-04
1.57568000e+03 -6.38446654e-05 1.71320915e-04
1.57696000e+03 -1.85041645e-04 1.72381435e-04
1.57824000e+03 -7.88832258e-05 1.74653444e-04
1.57952000e+03 -4.99602684e-05 1.72798066e-04
1.58080000e+03 5.53424907e-05 1.72313144e-04
1.58208000e+03 1.12210655e-05 1.75266591e-04
1.58336000e+03 -6.58238278e-05 1.74928316e-04
1.58464000e+03 -5.16606851e-05 1.67416717e-04
1.58592000e+03 -1.28711879e-04 1.68607453e-04
1.58720000e+03 -5.62040714e-06 1.76284097e-04
1.58848000e+03 3.66795284e-05 1.73477024e-04
1.58976000e+03 2.03537362e-04 1.77288548e-04
1.59104000e+03 2.08106037e-04 1.79314218e-04
1.59232000e+03 5.70921184e-05 1.81875472e-04
1.59360000e+03 -3.87660730e-05 1.79853805e-04
1.59488000e+03 -2.78477528e-05 1.70935287e-04
1.59616000e+03 -1.10934292e-04 1.69384035e-04
1.59744000e+03 -9.68837339e-05 1.74557873e-04
1.59872000e+03 2.27792589e-05 1.72123640e-04
1.60000000e+03 4.16940638e-05 1.73553450e-04
1.60128000e+03 -6.85470877e-05 1.75916504e-04
1.60256000e+03 -1.04987128e-04 1.74757745e-04
1.60384000e+03 -1.45637445e-04 1.73331768e-04
1.60512000e+03 -1.41898417e-04 1.70292308e-04
1.60640000e+03 -1.59603398e-04 1.75551442e-04
1.60768000e+03 -1.39838157e-04 1.78492921e-04
1.60896000e+03 8.67540657e-05 1.77514860e-04
1.61024000e+03 1.17898089e-04 1.78079459e-04
1.61152000e+03 1.10833374e-04 1.74568039e-04
1.61280000e+03 2.39415036e-04 1.75455157e-04
1.61408000e+03 2.06089331e-04 1.78001742e-04
1.61536000e+03 1.72015731e-04 1.80297234e-04
1.61664000e+03 2.12382060e-04 1.80731610e-04
1.61792000e+03 2.63862137e-04 1.79370329e-04
1.61920000e+03 3.27907124e-04 1.78042464e-04
1.62048000e+03 5.82411740e-05 1.80790011e-04
1.62176000e+03 7.06381834e-05 1.85415950e-04
1.62304000e+03 2.58045311e-05 1.85960648e-04
1.62432000e+03 -1.18291544e-04 1.82780661e-04
1.62560000e+03 -2.07916019e-04 1.75780943e-04
1.62688000e+03 -1.08493899e-04 1.79556516e-04
1.62816000e+03 -1.95721674e-04 1.79963808e-04
1.62944000e+03 -2.04961529e-04 1.73850513e-04
1.63072000e+03 -2.75566010e-04 1.74671261e-04
1.63200000e+03 -3.76741431e-04 1.78620792e-04
1.63328000e+03 -1.87912345e-04 1.80169854e-04
1.63456000e+03 -3.07240698e-04 1.85589308e-04
1.63584000e+03 -1.47716622e-04 1.94294425e-04
1.63712000e+03 -1.15802402e-04 1.85846196e-04
1.63840000e+03 -1.90621766e-04 1.87640874e-04
1.63968000e+03 -4.31242916e-06 1.83523481e-04
1.64096000e+03 1.94458436e-04 1.86326731e-04
1.64224000e+03 9.53208582e-05 1.93319903e-04
1.64352000e+03 7.29871754e-05 1.91528825e-04
1.64480000e+03 1.02036509e-04 1.90885394e-04
1.64608000e+03 1.79414637e-04 1.87671524e-04
1.64736000e+03 3.00763524e-04 1.79575554e-04
1.64864000e+03 2.60967587e-04 1.79057509e-04
1.64992000e+03 3.31312855e-04 1.87991124e-04
1.65120000e+03 4.02680947e-04 1.84895507e-04
1.65248000e+03 3.98628268e-04 1.80488863e-04
1.65376000e+03 2.70013348e-04 1.81043066e-04
1.65504000e+03 3.66746499e-05 1.79756456e-04
1.65632000e+03 9.84739818e-05 1.81755697e-04
1.65760000e+03 -3.01044183e-05 1.85397831e-04
1.65888000e+03 4.87928846e-05 1.87610602e-04
1.66016000e+03 1.22697980e-04 1.86809495e-04
1.66144000e+03 -5.06998367e-05 1.91803875e-04
1.66272000e+03 -1.37530093e-04 1.92814224e-04
1.66400000e+03 5.00514398e-05 1.98281226e-04
1.66528000e+03 -1.06891266e-05 1.99146608e-04
1.66656000e+03 -1.09944456e-04 1.96547483e-04
1.66784000e+03 -8.35644823e-05 1.91734459e-04
1.66912000e+03 -6.44059037e-05 1.95806682e-04
1.67040000e+03 -2.06516503e-04 1.98678678e-04
1.67168000e+03 -1.64154262e-04 2.04166002e-04
1.67296000e+03 -7.39996685e-05 2.05424105e-04
1.67424000e+03 -1.35632741e-04 2.01098404e-04
1.67552000e+03 -1.47689265e-04 1.96919736e-04
1.67680000e+03 -4.63648292e-04 1.98064101e-04
1.67808000e+03 -2.23382958e-04 1.91061650e-04
1.67936000e+03 -1.31649082e-04 1.90741257e-04
1.68064000e+03 2.37504378e-06 1.94303390e-04
1.68192000e+03 -9.48045345e-05 1.96208490e-04
1.68320000e+03 -1.75347493e-04 1.94149008e-04
1.68448000e+03 -1.42712495e-04 1.92833718e-04
1.68576000e+03 -1.74674096e-05 1.91620927e-04
1.68704000e+03 7.89727201e-05 2.02030581e-04
1.68832000e+03 1.32512621e-04 1.95621353e-04
1.68960000e+03 6.16330071e-05 2.03627058e-04
1.69088000e+03 -3.13955607e-05 2.02403883e-04
1.69216000e+03 2.66748757e-05 2.07918787e-04
1.69344000e+03 -1.08304637e-04 1.98648059e-04
1.69472000e+03 -4.26291899e-06 1.93010255e-04
1.69600000e+03 2.08003723e-04 1.94521253e-04
1.69728000e+03 1.26980391e-04 2.00737628e-04
1.69856000e+03 1.92175008e-04 2.01433233e-04
1.69984000e+03 2.00643728e-04 2.05471775e-04
1.70112000e+03 2.57008243e-04 2.07830821e-04
1.70240000e+03 5.65282498e-05 2.19471345e-04
1.70368000e+03 -2.21003847e-05 2.16591416e-04
1.70496000e+03 5.86228998e-05 2.09716399e-04
1.70624000e+03 -2.20663555e-04 2.08044225e-04
1.70752000e+03 1.90582305e-05 2.02015769e-04
1.70880000e+03 -1.05206680e-04 2.05370198e-04
1.71008000e+03 -2.04226148e-04 2.04745805e-04
1.71136000e+03 -1.06420695e-04 2.09083991e-04
1.71264000e+03 -7.45318903e-05 2.09952078e-04
1.71392000e+03 1.42571924e-04 2.15224649e-04
1.71520000e+03 2.68032280e-04 2.07121396e-04
1.71648000e+03 1.77032314e-04 2.07816543e-04
1.71776000e+03 8.41489964e-05 2.14120603e-04
1.71904000e+03 2.88912543e-05 2.11384462e-04
1.72032000e+03 -8.26068754e-06 2.10542986e-04
1.72160000e+03 -2.06143784e-04 2.15237717e-04
1.72288000e+03 -4.85436030e-05 2.10496209e-04
1.72416000e+03 -1.30589397e-04 2.16574935e-04
1.72544000e+03 5.90020973e-05 2.24492798e-04
1.72672000e+03 -4.07973712e-05 2.12951116e-04
1.72800000e+03 1.94976848e-04 2.17730792e-04
1.72928000e+03 -1.05078634e-05 2.17697085e-04
1.73056000e+03 -1.04014187e-04 2.13713168e-04
1.73184000e+03 1.28947009e-04 2.06495759e-04
1.73312000e+03 2.18944697e-04 2.08613209e-04
1.73440000e+03 1.69606530e-04 2.17152841e-04
1.73568000e+03 -6.42380182e-05 2.18805972e-04
1.73696000e+03 -1.37996583e-04 2.23619227e-04
1.73824000e+03 4.30542314e-05 2.15103912e-04
1.73952000e+03 -7.18243246e-05 2.10336153e-04
1.74080000e+03 9.97580937e-05 2.06792880e-04
1.74208000e+03 9.55145733e-05 2.12083188e-04
1.74336000e+03 1.28407584e-04 2.13641590e-04
1.74464000e+03 2.96406040e-04 2.18923584e-04
1.74592000e+03 2.37647328e-04 2.17411882e-04
1.74720000e+03 3.43531079e-04 2.18352750e-04
1.74848000e+03 3.03042092e-04 2.21717579e-04
1.74976000e+03 1.11381414e-04 2.21885604e-04
1.75104000e+03 -1.07084103e-04 2.20818875e-04
1.75232000e+03 -2.37872475e-04 2.21458610e-04
1.75360000e+03 -2.48364464e-04 2.16246074e-04
1.75488000e+03 -1.48634907e-04 2.24876926e-04
1.75616000e+03 -1.35687704e-04 2.27845040e-04
1.75744000e+03 -8.52585345e-06 2.31545238e-04
1.75872000e+03 -8.63228706e-05 2.31694798e-04
1.76000000e+03 -5.95403180e-05 2.25473857e-04
1.76128000e+03 -3.10459291e-04 2.23261566e-04
1.76256000e+03 -2.82188499e-04 2.26974494e-04
1.76384000e+03 -2.15632783e-04 2.29416225e-04
1.76512000e+03 -1.95561792e-04 2.21576281e-04
1.76640000e+03 6.84862025e-05 2.27289773e-04
1.76768000e+03 -7.24470519e-05 2.28976944e-04
1.76896000e+03 -2.95649188e-05 2.34664449e-04
1.77024000e+03 -1.75677615e-05 2.34509799e-04
1.77152000e+03 -4.94489359e-05 2.31408433e-04
1.77280000e+03 1.28050888e-04 2.34028062e-04
1.77408000e+03 4.02511578e-05 2.32864890e-04
1.77536000e+03 -2.79474421e-04 2.28359277e-04
1.77664000e+03 -3.12994816e-04 2.29979258e-04
1.77792000e+03 7.97839893e-05 2.39339569e-04
1.77920000e+03 9.85059523e-05 2.37096866e-04
1.78048000e+03 -3.07641276e-05 2.30668226e-04
1.78176000e+03 9.17123180e-05 2.28062662e-04
1.78304000e+03 -4.82239557e-05 2.30858361e-04
1.78432000e+03 -6.54605319e-05 2.28356274e-04
1.78560000e+03 -1.43060039e-04 2.36363221e-04
1.78688000e+03 -1.35076280e-05 2.45916957e-04
1.78816000e+03 -2.14503612e-04 2.40321877e-04
1.78944000e+03 -1.50260108e-04 2.34990418e-04
1.79072000e+03 -2.54868501e-04 2.30182689e-04
1.79200000e+03 -3.50576447e-04 2.44161827e-04
1.79328000e+03 -1.57162882e-04 2.41405508e-04
1.79456000e+03 -8.21666763e-05 2.43316728e-04
1.79584000e+03 -1.83207740e-04 2.47865296e-04
1.79712000e+03 -2.44559080e-04 2.42741841e-04
1.79840000e+03 -1.43203542e-05 2.35937995e-04
1.79968000e+03 1.07618791e-04 2.39172969e-04
1.80096000e+03 1.03472121e-04 2.49742880e-04
1.80224000e+03 2.75462517e-05 2.55929094e-04
1.80352000e+03 -1.12584767e-05 2.52594970e-04
1.80480000e+03 2.74923532e-05 2.41565426e-04
1.80608000e+03 -9.31004251e-05 2.49916240e-04
1.80736000e+03 -7.49853134e-05 2.49400705e-04
1.80864000e+03 -1.74382905e-04 2.55078443e-04
1.80992000e+03 7.07567779e-06 2.53698804e-04
1.81120000e+03 -8.01185306e-05 2.58924896e-04
1.81248000e+03 -4.36976688e-06 2.62076200e-04
1.81376000e+03 -1.23492486e-04 2.62328599e-04
1.81504000e+03 -3.18399194e-04 2.59765670e-04
1.81632000e+03 -3.51700379e-04 2.56534725e-04
1.81760000e+03 -2.99595413e-04 2.59486388e-04
1.81888000e+03 -2.90894968e-04 2.52905279e-04
1.82016000e+03 -2.41367801e-04 2.56059372e-04
1.82144000e+03 1.50343127e-04 2.55230237e-04
1.82272000e+03 -1.66012440e-04 2.62759801e-04
1.82400000e+03 -3.01160675e-04 2.64791415e-04
1.82528000e+03 -2.47053773e-04 2.62815263e-04
1.82656000e+03 9.95010851e-06 2.62699384e-04
1.82784000e+03 5.40170877e-05 2.68324119e-04
1.82912000e+03 2.14658394e-05 2.64619021e-04
1.83040000e+03 4.86472345e-05 2.78191707e-04
1.83168000e+03 3.09870025e-04 2.76442806e-04
1.83296000e+03 4.62279248e-04 2.72730873e-04
1.83424000e+03 3.17734666e-04 2.70576812e-04
1.83552000e+03 1.93932967e-04 2.75242087e-04
1.83680000e+03 -8.57710347e-06 2.82961281e-04
1.83808000e+03 -1.97407644e-04 2.78700680e-04
1.83936000e+03 1.34911788e-05 2.81162781e-04
1.84064000e+03 -1.94928216e-05 2.71041587e-04
1.84192000e+03 -1.50283944e-04 2.65591963e-04
1.84320000e+03 -1.77144248e-04 2.76431448e-04
1.84448000e+03 -2.87056639e-04 2.75536825e-04
1.84576000e+03 -3.22431297e-04 2.75302148e-04
1.84704000e+03 -2.96520884e-04 2.76563871e-04
1.84832000e+03 -5.59644424e-04 2.74166464e-04
1.84960000e+03 -6.44933491e-04 2.82888732e-04
1.85088000e+03 -1.92077438e-04 2.85100915e-04
1.85216000e+03 -1.47153245e-04 2.91435450e-04
1.85344000e+03 -1.68811821e-05 2.89041425e-04
1.85472000e+03 8.96413403e-05 2.84821093e-04
1.85600000e+03 5.97247330e-04 2.85556497e-04
1.85728000e+03 5.61808236e-04 2.83526915e-04
1.85856000e+03 8.65523529e-04 2.85695071e-04
1.85984000e+03 6.67770568e-04 2.89717516e-04
1.86112000e+03 8.12136801e-04 2.98775798e-04
1.86240000e+03 6.01074426e-04 2.98001509e-04
1.86368000e+03 2.70907825e-04 3.01354954e-04
1.86496000e+03 2.98579806e-04 2.99317630e-04
1.86624000e+03 5.54737853e-05 2.97351643e-04
1.86752000e+03 -2.04943193e-04 2.97007195e-04
1.86880000e+03 -1.69408777e-05 3.02093183e-04
1.87008000e+03 -3.46882211e-06 2.94786204e-04
1.87136000e+03 -7.76617671e-05 2.96172792e-04
1.87264000e+03 -2.41830458e-05 2.95578979e-04
1.87392000e+03 6.96415373e-05 3.12095007e-04
1.87520000e+03 1.20642137e-04 3.18307746e-04
1.87648000e+03 4.88451733e-05 3.25714843e-04
1.87776000e+03 5.51374455e-04 3.17695053e-04
1.87904000e+03 4.00144520e-04 3.20435069e-04
1.88032000e+03 2.53610080e-04 3.20353951e-04
1.88160000e+03 1.21888974e-04 3.22843913e-04
1.88288000e+03 5.57159889e-04 3.22310224e-04
1.88416000e+03 5.67750190e-04 3.24002841e-04
1.88544000e+03 5.99004270e-04 3.33585142e-04
1.88672000e+03 5.56203478e-04 3.38741261e-04
1.88800000e+03 5.87524089e-04 3.48478472e-04
1.88928000e+03 3.02048720e-04 3.48320679e-04
1.89056000e+03 3.44841770e-04 3.47963444e-04
1.89184000e+03 5.84682100e-04 3.39588114e-04
1.89312000e+03 6.27855188e-04 3.21157613e-04
1.89440000e+03 6.57516881e-04 3.18850791e-04
1.89568000e+03 2.37392334e-04 3.31464552e-04
1.89696000e+03 -7.19212112e-05 3.28931359e-04
1.89824000e+03 -3.00968881e-04 3.30666091e-04
1.89952000e+03 -7.26127182e-05 3.46671439e-04
1.90080000e+03 1.61092219e-04 3.54142518e-04
1.90208000e+03 3.98118049e-04 3.45891000e-04
1.90336000e+03 6.88745582e-04 3.48011437e-04
1.90464000e+03 6.41886494e-04 3.55750794e-04
1.90592000e+03 5.35191735e-04 3.50663654e-04
1.90720000e+03 5.02283103e-04 3.50921533e-04
1.90848000e+03 6.94506452e-04 3.65108264e-04
1.90976000e+03 4.12325026e-04 3.64422488e-04
1.91104000e+03 4.39681753e-04 3.71905127e-04
1.91232000e+03 2.21639886e-04 3.68562408e-04
1.91360000e+03 9.95535011e-05 3.70030585e-04
1.91488000e+03 3.97901807e-04 3.65143458e-04
1.91616000e+03 -3.81413884e-05 3.89285826e-04
1.91744000e+03 2.06872370e-04 3.94135320e-04
1.91872000e+03 -2.57265783e-04 4.06727372e-04
1.92000000e+03 -6.12830918e-04 4.02510377e-04
1.92128000e+03 -3.61622282e-04 4.01222169e-04
1.92256000e+03 1.54197667e-04 3.82120814e-04
1.92384000e+03 -1.25683568e-04 3.92093056e-04
1.92512000e+03 -3.14749370e-04 3.90661320e-04
1.92640000e+03 -6.77109871e-04 4.08084700e-04
1.92768000e+03 -5.52805141e-04 4.15124456e-04
1.92896000e+03 -7.94594875e-04 4.07196792e-04
1.93024000e+03 -4.85463301e-04 4.11743565e-04
1.93152000e+03 -6.85769075e-04 4.15875072e-04
1.93280000e+03 -6.03021064e-04 4.23020176e-04
1.93408000e+03 -4.26196901e-04 4.34358031e-04
1.93536000e+03 -5.33475424e-04 4.51333488e-04
1.93664000e+03 -1.04774570e-03 4.41482633e-04
1.93792000e+03 -4.51359199e-04 4.55777113e-04
1.93920000e+03 -1.80431125e-05 4.64732531e-04
1.94048000e+03 -1.52933775e-04 4.73377086e-04
1.94176000e+03 1.50247375e-04 4.86188168e-04
1.94304000e+03 -2.64522416e-04 4.73099129e-04
1.94432000e+03 9.57589509e-05 4.66092975e-04
1.94560000e+03 9.63391940e-05 4.60621468e-04
1.94688000e+03 -1.29551612e-04 4.72870704e-04
1.94816000e+03 -3.61791550e-04 4.73664605e-04
1.94944000e+03 -8.07444507e-04 4.78695971e-04
1.95072000e+03 -6.49988826e-04 4.82655874e-04
1.95200000e+03 -1.13371367e-04 5.03811661e-04
1.95328000e+03 -7.07378669e-04 5.17502143e-04
1.95456000e+03 -1.35590672e-04 5.21686910e-04
1.95584000e+03 -3.85540276e-04 5.25221569e-04
1.95712000e+03 -3.37358011e-04 5.28943942e-04
1.95840000e+03 -3.19032028e-04 5.44587750e-04
1.95968000e+03 -1.31583394e-04 5.60486085e-04
1.96096000e+03 1.22270430e-04 5.58570484e-04
1.96224000e+03 5.56924851e-06 5.65001124e-04
1.96352000e+03 8.61880311e-04 5.54764337e-04
1.96480000e+03 6.70558715e-04 5.63530439e-04
1.96608000e+03 5.08413592e-04 5.91778956e-04
1.96736000e+03 3.20169114e-04 6.09449801e-04
1.96864000e+03 -3.67609086e-04 6.17548398e-04
1.96992000e+03 1.62834316e-04 6.24366861e-04
1.97120000e+03 2.74869497e-04 6.18470805e-04
1.97248000e+03 -1.59833988e-04 6.41066013e-04
1.97376000e+03 -3.20942199e-05 6.72454626e-04
1.97504000e+03 -1.66299564e-04 6.93680370e-04
1.97632000e+03 -8.17209017e-04 6.95558430e-04
1.97760000e+03 -7.12566311e-04 7.30117466e-04
1.97888000e+03 -9.11561248e-04 7.46856503e-04
1.98016000e+03 -3.34424491e-04 7.68150269e-04
1.98144000e+03 -2.13483989e-04 7.68051078e-04
1.98272000e+03 2.89261196e-04 7.72136368e-04
1.98400000e+03 4.06797684e-04 8.27503185e-04
1.98528000e+03 8.98172730e-04 8.68415326e-04
1.98656000e+03 2.55846535e-04 9.14269079e-04
1.98784000e+03 4.55535803e-04 9.72483328e-04
1.98912000e+03 -2.28598787e-04 1.02006666e-03
1.99040000e+03 8.36169289e-04 1.08527024e-03
1.99168000e+03 3.17769503e-04 1.18334202e-03
1.99296000e+03 1.07752137e-04 1.23909744e-03
1.99424000e+03 -2.06266041e-03 1.36329443e-03
1.99552000e+03 -9.13076394e-04 1.47073493e-03
1.99680000e+03 1.15120097e-03 1.64094603e-03
1.99808000e+03 -8.10850994e-04 1.90396679e-03
1.99936000e+03 1.94703729e-03 2.35255156e-03
