# t Gij Gij_error
0.00000000e+00 3.07827815e-02 9.28299160e-05
1.28000000e+00 1.54324276e-02 8.71173416e-05
2.56000000e+00 1.07098678e-02 7.51924633e-05
3.84000000e+00 7.77355069e-03 6.36472154e-05
5.12000000e+00 5.80590544e-03 5.24099510e-05
6.40000000e+00 4.46509244e-03 5.05179476e-05
7.68000000e+00 3.55124637e-03 5.77044372e-05
8.96000000e+00 2.86234380e-03 5.24498948e-05
1.02400000e+01 2.36177514e-03 5.22201026e-05
1.15200000e+01 1.93726947e-03 4.59335030e-05
1.28000000e+01 1.65229745e-03 4.25798452e-05
1.40800000e+01 1.41469494e-03 3.57135362e-05
1.53600000e+01 1.22824754e-03 3.59562385e-05
1.66400000e+01 1.08238927e-03 3.22930505e-05
1.79200000e+01 9.46273736e-04 2.84440239e-05
1.92000000e+01 8.45966511e-04 2.88408113e-05
2.04800000e+01 7.57576257e-04 2.66519177e-05
2.17600000e+01 6.75048446e-04 2.61352830e-05
2.30400000e+01 6.11952564e-04 2.56358358e-05
2.43200000e+01 5.45278075e-04 2.39331168e-05
2.56000000e+01 5.00345544e-04 2.17404113e-05
2.68800000e+01 4.53764835e-04 2.01799938e-05
2.81600000e+01 4.10169043e-04 2.03969352e-05
2.94400000e+01 3.73528484e-04 1.64629263e-05
3.07200000e+01 3.65126412e-04 1.55842634e-05
3.20000000e+01 3.53909505e-04 1.66450233e-05
3.32800000e+01 3.39125603e-04 1.37923436e-05
3.45600000e+01 3.26056092e-04 1.62268551e-05
3.58400000e+01 3.11938900e-04 1.69596205e-05
3.71200000e+01 2.91887205e-04 1.33835641e-05
3.84000000e+01 2.67750293e-04 1.41547135e-05
3.96800000e+01 2.51281803e-04 1.47422120e-05
4.09600000e+01 2.51379446e-04 1.40532430e-05
4.22400000e+01 2.50765239e-04 1.35400761e-05
4.35200000e+01 2.44117589e-04 1.26897895e-05
4.48000000e+01 2.25830532e-04 1.14411752e-05
4.60800000e+01 2.19312817e-04 1.20235536e-05
4.73600000e+01 2.04398471e-04 1.30991563e-05
4.86400000e+01 1.90998442e-04 1.23106556e-05
4.99200000e+01 1.87760990e-04 1.38851442e-05
5.12000000e+01 1.77837530e-04 1.38655015e-05
5.24800000e+01 1.63464269e-04 1.40983162e-05
5.37600000e+01 1.46494844e-04 1.22531165e-05
5.50400000e+01 1.36630915e-04 1.25690428e-05
5.63200000e+01 1.44901816e-04 1.11902287e-05
5.76000000e+01 1.31559602e-04 1.19674903e-05
5.88800000e+01 1.31657798e-04 1.08694531e-05
6.01600000e+01 1.13938921e-04 1.20046907e-05
6.14400000e+01 1.00241021e-04 1.22884279e-05
6.27200000e+01 9.90024637e-05 1.38809179e-05
6.40000000e+01 9.91069755e-05 1.43397649e-05
6.52800000e+01 1.06463864e-04 1.47092712e-05
6.65600000e+01 9.63976054e-05 1.38864672e-05
6.78400000e+01 1.01759812e-04 1.35816599e-05
6.91200000e+01 1.00119338e-04 1.22536071e-05
7.04000000e+01 9.46246510e-05 1.14878159e-05
7.16800000e+01 9.21225001e-05 1.20047136e-05
7.29600000e+01 8.92256285e-05 1.08614967e-05
7.42400000e+01 9.02454703e-05 1.08187040e-05
7.55200000e+01 9.23728003e-05 1.07207244e-05
7.68000000e+01 9.61360420e-05 1.01220797e-05
7.80800000e+01 9.05593988e-05 8.69071321e-06
7.93600000e+01 8.13043007e-05 8.78930554e-06
8.06400000e+01 8.58960993e-05 8.78020382e-06
8.19200000e+01 8.04835872e-05 7.60193750e-06
8.32000000e+01 7.55112487e-05 6.25289169e-06
8.44800000e+01 7.98354813e-05 6.73436315e-06
8.57600000e+01 8.11463251e-05 7.70332709e-06
8.70400000e+01 7.36167494e-05 9.00891764e-06
8.83200000e+01 7.47732192e-05 8.89189725e-06
8.96000000e+01 7.45374273e-05 8.12796434e-06
9.08800000e+01 6.78706929e-05 7.54396448e-06
9.21600000e+01 6.47999186e-05 8.65144871e-06
9.34400000e+01 6.21274012e-05 8.43027581e-06
9.47200000e+01 5.61265115e-05 8.15159796e-06
9.60000000e+01 5.96981081e-05 8.57940407e-06
9.72800000e+01 5.93123186e-05 9.57303549e-06
9.85600000e+01 5.73213365e-05 9.13437443e-06
9.98400000e+01 6.18562772e-05 1.03364071e-05
1.01120000e+02 6.27610571e-05 8.24041773e-06
1.02400000e+02 5.85818561e-05 8.36669782e-06
1.03680000e+02 5.50723307e-05 7.98116523e-06
1.04960000e+02 5.13753548e-05 8.44941774e-06
1.06240000e+02 4.33282366e-05 7.26144887e-06
1.07520000e+02 4.52668937e-05 8.46063571e-06
1.08800000e+02 3.77301476e-05 8.17711090e-06
1.10080000e+02 3.01499294e-05 8.24261184e-06
1.11360000e+02 3.27454218e-05 7.61181104e-06
1.12640000e+02 3.14161625e-05 7.07853001e-06
1.13920000e+02 2.97942097e-05 6.26174860e-06
1.15200000e+02 2.75849325e-05 6.90439436e-06
1.16480000e+02 3.19712926e-05 6.35247343e-06
1.17760000e+02 3.55783923e-05 6.69766441e-06
1.19040000e+02 3.31828305e-05 5.43160917e-06
1.20320000e+02 3.80944803e-05 6.41094354e-06
1.21600000e+02 3.76521093e-05 7.05937034e-06
1.22880000e+02 3.33792377e-05 6.22163242e-06
1.24160000e+02 3.43444080e-05 6.46642033e-06
1.25440000e+02 3.64680345e-05 6.78093814e-06
1.26720000e+02 3.67188804e-05 6.89510652e-06
1.28000000e+02 4.06874606e-05 6.96756353e-06
1.29280000e+02 3.72241229e-05 8.93124848e-06
1.30560000e+02 3.48443973e-05 9.11994519e-06
1.31840000e+02 3.81500577e-05 8.14406677e-06
1.33120000e+02 4.16984549e-05 7.17461251e-06
1.34400000e+02 4.08418709e-05 7.14735157e-06
1.35680000e+02 3.96517680e-05 6.83838888e-06
1.36960000e+02 3.82000399e-05 7.08107256e-06
1.38240000e+02 3.27427224e-05 6.71023402e-06
1.39520000e+02 3.56673227e-05 5.32919072e-06
1.40800000e+02 3.57732315e-05 5.55913976e-06
1.42080000e+02 3.12050652e-05 5.24765066e-06
1.43360000e+02 2.93677786e-05 5.82049385e-06
1.44640000e+02 3.05793219e-05 5.62459788e-06
1.45920000e+02 2.79665182e-05 5.97403142e-06
1.47200000e+02 2.94375695e-05 5.84255014e-06
1.48480000e+02 2.69849752e-05 6.26808795e-06
1.49760000e+02 2.49188342e-05 6.15224071e-06
1.51040000e+02 3.41607993e-05 5.65620698e-06
1.52320000e+02 2.91405722e-05 7.18715293e-06
1.53600000e+02 2.41387697e-05 6.71644461e-06
1.54880000e+02 2.22149902e-05 6.27588829e-06
1.56160000e+02 2.24365504e-05 6.48641146e-06
1.57440000e+02 1.94478162e-05 7.33919762e-06
1.58720000e+02 2.34575400e-05 6.96801503e-06
1.60000000e+02 2.66105471e-05 6.60012976e-06
1.61280000e+02 2.25846870e-05 6.29471274e-06
1.62560000e+02 2.70495857e-05 6.40910243e-06
1.63840000e+02 3.02977605e-05 5.62233231e-06
1.65120000e+02 2.95737464e-05 5.49040296e-06
1.66400000e+02 2.42960487e-05 5.34297457e-06
1.67680000e+02 2.36109936e-05 5.94073591e-06
1.68960000e+02 2.20401580e-05 5.56672905e-06
1.70240000e+02 1.77788097e-05 6.06168387e-06
1.71520000e+02 1.87170808e-05 6.78176745e-06
1.72800000e+02 2.06854820e-05 6.81667698e-06
1.74080000e+02 1.97374229e-05 6.53616902e-06
1.75360000e+02 1.99337537e-05 6.74653290e-06
1.76640000e+02 1.61729877e-05 7.01091736e-06
1.77920000e+02 2.26480643e-05 6.21015267e-06
1.79200000e+02 2.40850186e-05 5.46133616e-06
1.80480000e+02 2.86215964e-05 5.78771894e-06
1.81760000e+02 2.95496229e-05 4.72854274e-06
1.83040000e+02 3.11186923e-05 4.85326751e-06
1.84320000e+02 3.00768897e-05 5.33174909e-06
1.85600000e+02 2.64250102e-05 4.66850743e-06
1.86880000e+02 1.95973498e-05 4.23430333e-06
1.88160000e+02 2.22896851e-05 4.31209603e-06
1.89440000e+02 2.51850252e-05 4.54977215e-06
1.90720000e+02 1.89879120e-05 3.93696667e-06
1.92000000e+02 1.72822383e-05 4.23259246e-06
1.93280000e+02 1.61516873e-05 4.37378679e-06
1.94560000e+02 1.74194811e-05 4.54800025e-06
1.95840000e+02 2.21366990e-05 5.23512498e-06
1.97120000e+02 2.15834189e-05 5.65993199e-06
1.98400000e+02 1.93972628e-05 5.65057745e-06
1.99680000e+02 1.90024821e-05 5.41514422e-06
2.00960000e+02 1.87107980e-05 5.76083665e-06
2.02240000e+02 1.86829893e-05 5.98273585e-06
2.03520000e+02 1.99839014e-05 5.37814127e-06
2.04800000e+02 1.78790324e-05 5.53054408e-06
2.06080000e+02 1.62740889e-05 4.71853515e-06
2.07360000e+02 1.56871502e-05 4.58339423e-06
2.08640000e+02 1.44427722e-05 4.19116092e-06
2.09920000e+02 1.27559906e-05 3.66417153e-06
2.11200000e+02 1.48014633e-05 4.15646685e-06
2.12480000e+02 1.40033699e-05 3.45074882e-06
2.13760000e+02 1.62918532e-05 4.39569892e-06
2.15040000e+02 1.68933093e-05 4.31085183e-06
2.16320000e+02 1.67859471e-05 4.42545830e-06
2.17600000e+02 2.17695215e-05 4.04326163e-06
2.18880000e+02 2.28834760e-05 3.99411548e-06
2.20160000e+02 1.90278406e-05 5.06748281e-06
2.21440000e+02 1.84839519e-05 5.73681077e-06
2.22720000e+02 1.76765188e-05 5.45769465e-06
2.24000000e+02 1.99844399e-05 4.97173536e-06
2.25280000e+02 1.76031081e-05 4.71772365e-06
2.26560000e+02 1.32868608e-05 5.02751708e-06
2.27840000e+02 1.14353852e-05 5.04543187e-06
2.29120000e+02 1.10968595e-05 5.68127723e-06
2.30400000e+02 1.24199842e-05 4.92406375e-06
2.31680000e+02 1.26426294e-05 5.15522201e-06
2.32960000e+02 1.03242910e-05 5.60061612e-06
2.34240000e+02 8.13251245e-06 5.72263057e-06
2.35520000e+02 7.66759695e-06 4.60194147e-06
2.36800000e+02 6.81704614e-06 4.92385603e-06
2.38080000e+02 7.60917510e-06 5.23621113e-06
2.39360000e+02 9.05700563e-06 4.64359207e-06
2.40640000e+02 1.19950246e-05 4.12788036e-06
2.41920000e+02 1.31610514e-05 4.20679353e-06
2.43200000e+02 1.48968002e-05 4.61430585e-06
2.44480000e+02 1.66175814e-05 4.45278228e-06
2.45760000e+02 1.74385514e-05 4.37035466e-06
2.47040000e+02 1.59961437e-05 3.90826006e-06
2.48320000e+02 1.81605410e-05 4.63524561e-06
2.49600000e+02 2.03113050e-05 4.35183862e-06
2.50880000e+02 1.86501748e-05 4.39243002e-06
2.52160000e+02 1.76802660e-05 4.56698974e-06
2.53440000e+02 2.05287179e-05 4.60878444e-06
2.54720000e+02 1.86136658e-05 4.90419286e-06
2.56000000e+02 1.75284513e-05 5.09092278e-06
2.57280000e+02 1.53950059e-05 5.32988480e-06
2.58560000e+02 1.77891816e-05 5.83750768e-06
2.59840000e+02 1.69687319e-05 5.54496052e-06
2.61120000e+02 1.61981661e-05 4.97946719e-06
2.62400000e+02 1.44780333e-05 5.53867296e-06
2.63680000e+02 9.46463388e-06 4.95627675e-06
2.64960000e+02 7.28597161e-06 4.50732231e-06
2.66240000e+02 5.22099208e-06 4.11529654e-06
2.67520000e+02 3.45039211e-06 4.42645137e-06
2.68800000e+02 2.35863672e-06 3.59152262e-06
2.70080000e+02 4.60196270e-06 3.60486907e-06
2.71360000e+02 1.00823136e-05 3.03970287e-06
2.72640000e+02 1.06649441e-05 3.34784980e-06
2.73920000e+02 1.18018679e-05 3.62888515e-06
2.75200000e+02 1.02693621e-05 4.18719206e-06
2.76480000e+02 7.99274585e-06 4.37256794e-06
2.77760000e+02 6.61188960e-06 4.59609822e-06
2.79040000e+02 5.27993643e-06 4.31036674e-06
2.80320000e+02 2.64039522e-06 4.23850294e-06
2.81600000e+02 2.58806494e-06 4.48283310e-06
2.82880000e+02 3.00375655e-06 3.90294755e-06
2.84160000e+02 1.83607096e-06 4.36106351e-06
2.85440000e+02 1.86034470e-06 4.54971150e-06
2.86720000e+02 4.84673956e-06 4.01918487e-06
2.88000000e+02 6.52882181e-06 4.26407029e-06
2.89280000e+02 5.84752206e-06 4.23899964e-06
2.90560000e+02 6.03381250e-06 4.84170634e-06
2.91840000e+02 8.47396768e-06 5.02427641e-06
2.93120000e+02 9.91418165e-06 4.65789431e-06
2.94400000e+02 8.28244629e-06 4.19386284e-06
2.95680000e+02 4.05216815e-06 4.48557124e-06
2.96960000e+02 5.34079436e-06 4.40930089e-06
2.98240000e+02 7.39152438e-06 4.26104612e-06
2.99520000e+02 6.57095779e-06 4.26403733e-06
3.00800000e+02 6.11968699e-06 4.08268250e-06
3.02080000e+02 4.28355952e-06 4.56229742e-06
3.03360000e+02 5.96491236e-06 4.21542349e-06
3.04640000e+02 5.60697481e-06 3.75889267e-06
3.05920000e+02 4.22326957e-06 2.93917726e-06
3.07200000e+02 5.82551047e-06 3.91535581e-06
3.08480000e+02 7.25163954e-06 4.11961247e-06
3.09760000e+02 8.31187481e-06 4.05121855e-06
3.11040000e+02 1.04090495e-05 3.49879266e-06
3.12320000e+02 1.06656926e-05 3.04768937e-06
3.13600000e+02 1.00704328e-05 3.21988929e-06
3.14880000e+02 8.51250934e-06 2.72980293e-06
3.16160000e+02 6.27878671e-06 2.84757282e-06
3.17440000e+02 9.59919635e-06 2.94761426e-06
3.18720000e+02 8.10391248e-06 2.74698846e-06
3.20000000e+02 5.66007657e-06 2.86882713e-06
3.21280000e+02 4.78374113e-06 3.71116629e-06
3.22560000e+02 4.46088825e-06 3.97460234e-06
3.23840000e+02 4.74005810e-06 3.14354909e-06
3.25120000e+02 7.07946947e-06 2.66349670e-06
3.26400000e+02 5.77640003e-06 2.48058712e-06
3.27680000e+02 6.59319767e-06 2.63261520e-06
3.28960000e+02 6.25993516e-06 2.33956898e-06
3.30240000e+02 6.22447214e-06 2.28904872e-06
3.31520000e+02 3.23431459e-06 2.72173614e-06
3.32800000e+02 3.16804881e-06 2.89054367e-06
3.34080000e+02 7.34548576e-06 2.98356205e-06
3.35360000e+02 9.31520844e-06 2.96153766e-06
3.36640000e+02 7.25381642e-06 2.75514639e-06
3.37920000e+02 8.57169925e-06 2.98823807e-06
3.39200000e+02 6.47780780e-06 2.62740502e-06
3.40480000e+02 8.00978796e-06 2.73170413e-06
3.41760000e+02 9.89055570e-06 3.81998570e-06
3.43040000e+02 8.59820011e-06 3.56606836e-06
3.44320000e+02 7.85956854e-06 3.43761034e-06
3.45600000e+02 8.33917784e-06 3.23376206e-06
3.46880000e+02 8.91981017e-06 2.84920781e-06
3.48160000e+02 9.53197650e-06 2.80137253e-06
3.49440000e+02 5.45104467e-06 2.87780019e-06
3.50720000e+02 6.34045364e-06 2.84139770e-06
3.52000000e+02 5.37080678e-06 3.43919179e-06
3.53280000e+02 6.74853072e-06 3.16400918e-06
3.54560000e+02 8.62278284e-06 3.47923898e-06
3.55840000e+02 9.14565044e-06 3.58738406e-06
3.57120000e+02 6.00789599e-06 3.66414071e-06
3.58400000e+02 4.12962936e-06 3.52885647e-06
3.59680000e+02 2.06274422e-06 3.71108334e-06
3.60960000e+02 1.77971845e-06 3.29846298e-06
3.62240000e+02 2.44770445e-06 3.00956139e-06
3.63520000e+02 -2.16226912e-08 2.97841069e-06
3.64800000e+02 2.09251357e-06 2.64060532e-06
3.66080000e+02 3.33127832e-06 3.16261202e-06
3.67360000e+02 2.17115780e-06 3.19417181e-06
3.68640000e+02 4.80594281e-06 3.16760142e-06
3.69920000e+02 3.75761101e-06 3.10895992e-06
3.71200000e+02 2.97885026e-06 3.18018430e-06
3.72480000e+02 1.92801349e-06 4.08251190e-06
3.73760000e+02 -2.48403808e-07 4.02573355e-06
3.75040000e+02 1.06809500e-06 4.37290285e-06
3.76320000e+02 3.20658592e-06 3.78906554e-06
3.77600000e+02 4.70368559e-06 4.28885399e-06
3.78880000e+02 5.10863720e-06 4.28075110e-06
3.80160000e+02 6.21546269e-06 4.39677278e-06
3.81440000e+02 7.96662334e-06 3.82142736e-06
3.82720000e+02 7.01185400e-06 3.42480723e-06
3.84000000e+02 6.06197091e-06 3.41693669e-06
3.85280000e+02 5.79793323e-06 3.30398673e-06
3.86560000e+02 7.42776820e-06 3.19707515e-06
3.87840000e+02 6.82611380e-06 3.34366102e-06
3.89120000e+02 6.76572608e-06 3.60120298e-06
3.90400000e+02 6.69581368e-06 3.15534722e-06
3.91680000e+02 7.06387391e-06 2.90810165e-06
3.92960000e+02 5.31409478e-06 2.97319594e-06
3.94240000e+02 6.17495743e-06 3.00494230e-06
3.95520000e+02 4.78576112e-06 2.96743004e-06
3.96800000e+02 6.70455211e-06 2.58608829e-06
3.98080000e+02 7.37860000e-06 2.48801629e-06
3.99360000e+02 7.16265549e-06 2.29550476e-06
4.00640000e+02 7.98837573e-06 2.78795920e-06
4.01920000e+02 9.11124062e-06 2.58590870e-06
4.03200000e+02 6.67627728e-06 2.41999286e-06
4.04480000e+02 4.17602860e-06 2.93700188e-06
4.05760000e+02 2.42215492e-06 2.86242484e-06
4.07040000e+02 2.43653108e-06 2.51167568e-06
4.08320000e+02 -2.63359397e-07 2.37593669e-06
4.09600000e+02 1.12947177e-07 3.01224979e-06
4.10880000e+02 -3.77017244e-08 3.54351147e-06
4.12160000e+02 1.79091978e-06 3.77004241e-06
4.13440000e+02 1.96717383e-06 3.82881980e-06
4.14720000e+02 3.81468453e-07 3.16281146e-06
4.16000000e+02 4.06418906e-07 3.10265707e-06
4.17280000e+02 2.94667461e-06 3.58895014e-06
4.18560000e+02 2.59150829e-06 3.53445971e-06
4.19840000e+02 3.18470711e-06 3.74610945e-06
4.21120000e+02 5.46912315e-06 3.65926939e-06
4.22400000e+02 4.97383326e-06 3.30359837e-06
4.23680000e+02 6.12301483e-06 3.69675986e-06
4.24960000e+02 4.74445869e-06 3.39881160e-06
4.26240000e+02 2.50067683e-06 3.63277214e-06
4.27520000e+02 6.13722818e-07 3.39100576e-06
4.28800000e+02 -2.38690262e-07 3.34532345e-06
4.30080000e+02 -2.41814678e-06 3.20555097e-06
4.31360000e+02 -3.77527181e-06 3.38879189e-06
4.32640000e+02 -5.28819237e-06 3.32513424e-06
4.33920000e+02 -5.87740305e-06 3.63061372e-06
4.35200000e+02 -3.49187280e-06 3.14205493e-06
4.36480000e+02 -1.06580603e-06 3.28346571e-06
4.37760000e+02 -8.30530041e-07 3.49652810e-06
4.39040000e+02 -9.29615510e-07 2.94906293e-06
4.40320000e+02 -2.71799354e-06 2.97310585e-06
4.41600000e+02 -2.27297119e-06 2.94784884e-06
4.42880000e+02 -1.49920527e-06 3.58257062e-06
4.44160000e+02 -6.92583114e-07 3.51834846e-06
4.45440000e+02 1.21958772e-06 3.33390336e-06
4.46720000e+02 2.46207105e-06 3.45309733e-06
4.48000000e+02 2.93572998e-06 3.31634988e-06
4.49280000e+02 5.18585330e-06 3.59523795e-06
4.50560000e+02 6.80966150e-06 3.75978053e-06
4.51840000e+02 7.33703928e-06 3.61313201e-06
4.53120000e+02 7.02435364e-06 4.06898070e-06
4.54400000e+02 8.95491212e-06 3.63754519e-06
4.55680000e+02 5.70971633e-06 3.59161591e-06
4.56960000e+02 4.59910507e-06 3.35589864e-06
4.58240000e+02 3.00700890e-06 3.80900898e-06
4.59520000e+02 5.43420174e-06 3.42272994e-06
4.60800000e+02 6.96124789e-06 3.43239488e-06
4.62080000e+02 8.00889302e-06 3.65357993e-06
4.63360000e+02 6.91766081e-06 4.01778553e-06
4.64640000e+02 7.07049094e-06 3.81215254e-06
4.65920000e+02 6.24637778e-06 3.26410117e-06
4.67200000e+02 3.56939063e-06 3.65851243e-06
4.68480000e+02 3.59930073e-06 3.47192428e-06
4.69760000e+02 1.28211059e-06 3.12043952e-06
4.71040000e+02 1.33170192e-06 3.09683735e-06
4.72320000e+02 3.04016879e-07 2.63260185e-06
4.73600000e+02 1.40119664e-06 2.44244178e-06
4.74880000e+02 9.04474064e-07 2.59788528e-06
4.76160000e+02 1.95570965e-06 2.70132573e-06
4.77440000e+02 3.77945980e-06 2.84458522e-06
4.78720000e+02 4.16371131e-06 3.32286686e-06
4.80000000e+02 4.51970527e-06 3.04735899e-06
4.81280000e+02 3.73185708e-06 2.90668434e-06
4.82560000e+02 1.84050339e-06 2.89037643e-06
4.83840000e+02 -2.74925696e-07 3.11432771e-06
4.85120000e+02 6.18458728e-07 3.26615578e-06
4.86400000e+02 1.64678715e-06 3.46025858e-06
4.87680000e+02 2.27888677e-06 3.93535412e-06
4.88960000e+02 3.65212827e-06 4.16145750e-06
4.90240000e+02 4.91110723e-06 3.54434420e-06
4.91520000e+02 4.49853042e-06 3.71681118e-06
4.92800000e+02 5.34673472e-06 3.27183692e-06
4.94080000e+02 6.18770764e-06 2.81039491e-06
4.95360000e+02 2.07679795e-06 2.32272422e-06
4.96640000e+02 1.58347791e-06 2.36182174e-06
4.97920000e+02 1.73043838e-06 2.18725600e-06
4.99200000e+02 2.10485587e-06 2.19281938e-06
5.00480000e+02 3.38660129e-06 1.85268895e-06
5.01760000e+02 1.85351735e-06 1.86389676e-06
5.03040000e+02 -2.55571049e-08 2.22562620e-06
5.04320000e+02 -7.33732634e-07 2.71933861e-06
5.05600000e+02 1.22097583e-06 2.41865362e-06
5.06880000e+02 1.95679149e-06 2.67616300e-06
5.08160000e+02 4.45813521e-06 2.31354581e-06
5.09440000e+02 4.00045337e-06 2.24005699e-06
5.10720000e+02 4.19517164e-06 2.35518242e-06
5.12000000e+02 2.18748301e-06 2.58664592e-06
5.13280000e+02 4.43660338e-06 2.56466587e-06
5.14560000e+02 5.28173996e-06 2.60111313e-06
5.15840000e+02 3.23056452e-06 2.34947065e-06
5.17120000e+02 2.66858638e-06 2.40287097e-06
5.18400000e+02 3.21561424e-06 2.48364058e-06
5.19680000e+02 2.18110426e-06 2.37869968e-06
5.20960000e+02 1.68957934e-06 2.61437089e-06
5.22240000e+02 2.60688898e-06 3.20489081e-06
5.23520000e+02 5.32905574e-07 3.13366982e-06
5.24800000e+02 -8.29454279e-07 3.21300983e-06
5.26080000e+02 1.88510944e-06 2.86006536e-06
5.27360000e+02 1.29197588e-06 2.66684591e-06
5.28640000e+02 2.41049133e-06 2.80072550e-06
5.29920000e+02 4.85681494e-06 3.54272845e-06
5.31200000e+02 5.44968816e-06 3.89991160e-06
5.32480000e+02 4.27716986e-06 3.86190894e-06
5.33760000e+02 3.39902249e-06 3.01702139e-06
5.35040000e+02 6.20520586e-06 2.72310598e-06
5.36320000e+02 5.87482691e-06 2.91445495e-06
5.37600000e+02 5.09986512e-06 3.17520208e-06
5.38880000e+02 4.56962107e-06 2.58732867e-06
5.40160000e+02 4.02657861e-06 2.66333832e-06
5.41440000e+02 3.57715817e-06 2.60019142e-06
5.42720000e+02 5.61344905e-06 2.70548263e-06
5.44000000e+02 4.78853190e-06 2.58789902e-06
5.45280000e+02 5.23055314e-06 2.95528114e-06
5.46560000e+02 4.76795003e-06 2.94149195e-06
5.47840000e+02 6.08250639e-06 2.70326375e-06
5.49120000e+02 7.09824963e-06 2.80455714e-06
5.50400000e+02 6.06565709e-06 2.93088316e-06
5.51680000e+02 5.14390786e-06 3.40179609e-06
5.52960000e+02 4.61847321e-06 3.83559591e-06
5.54240000e+02 5.96093469e-06 3.84631727e-06
5.55520000e+02 7.35106960e-06 3.47523255e-06
5.56800000e+02 7.92937863e-06 3.00157889e-06
5.58080000e+02 8.05298896e-06 3.09801822e-06
5.59360000e+02 6.11833366e-06 3.52605222e-06
5.60640000e+02 6.38984329e-06 3.35918822e-06
5.61920000e+02 6.03457102e-06 3.73760581e-06
5.63200000e+02 5.76976799e-06 3.74586935e-06
5.64480000e+02 5.14492922e-06 3.37813332e-06
5.65760000e+02 8.24428480e-06 3.21471865e-06
5.67040000e+02 7.06594619e-06 2.72440188e-06
5.68320000e+02 5.55150564e-06 3.05855970e-06
5.69600000e+02 7.95037704e-06 3.25602615e-06
5.70880000e+02 7.30963939e-06 3.12869322e-06
5.72160000e+02 6.10610959e-06 3.37035756e-06
5.73440000e+02 6.85456052e-06 3.48000545e-06
5.74720000e+02 5.50798131e-06 3.61317670e-06
5.76000000e+02 5.66594645e-06 3.33800819e-06
5.77280000e+02 3.87808177e-06 3.43903891e-06
5.78560000e+02 2.85695523e-06 2.91564480e-06
5.79840000e+02 3.98864449e-06 3.20489425e-06
5.81120000e+02 4.34362391e-06 3.05043679e-06
5.82400000e+02 3.47866853e-06 2.67232660e-06
5.83680000e+02 3.92507627e-06 2.47703128e-06
5.84960000e+02 3.45948774e-06 2.31564642e-06
5.86240000e+02 6.94965536e-07 2.52596036e-06
5.87520000e+02 2.39825539e-07 2.58091435e-06
5.88800000e+02 1.75875186e-06 2.29638531e-06
5.90080000e+02 3.68038650e-06 2.23055985e-06
5.91360000e+02 3.81924747e-06 2.85678348e-06
5.92640000e+02 2.52935138e-06 2.50449830e-06
5.93920000e+02 1.01259457e-06 2.55891253e-06
5.95200000e+02 -2.17819618e-07 2.82545048e-06
5.96480000e+02 -2.60145998e-06 2.71384558e-06
5.97760000e+02 -3.42992325e-06 3.20610371e-06
5.99040000e+02 -1.45418699e-06 2.70011309e-06
6.00320000e+02 5.08122696e-07 2.97199611e-06
6.01600000e+02 1.65510698e-06 3.48499651e-06
6.02880000e+02 -1.80997930e-07 3.24050907e-06
6.04160000e+02 -6.31073021e-07 3.08924309e-06
6.05440000e+02 1.32290995e-06 2.95578221e-06
6.06720000e+02 9.21003050e-07 3.29620592e-06
6.08000000e+02 9.54946358e-07 3.03388046e-06
6.09280000e+02 3.05472690e-06 2.90426316e-06
6.10560000e+02 2.51664824e-06 2.65674588e-06
6.11840000e+02 3.05604271e-06 3.18309234e-06
6.13120000e+02 2.02943261e-06 3.14486391e-06
6.14400000e+02 3.22876417e-06 3.39374073e-06
6.15680000e+02 2.21631558e-06 3.34872437e-06
6.16960000e+02 3.22103369e-06 3.23588673e-06
6.18240000e+02 3.61841580e-06 3.58750680e-06
6.19520000e+02 3.04198056e-06 4.22817296e-06
6.20800000e+02 3.52148390e-06 3.86166791e-06
6.22080000e+02 5.03104775e-06 3.50979705e-06
6.23360000e+02 4.96796974e-06 3.36203341e-06
6.24640000e+02 3.49027755e-06 3.45502720e-06
6.25920000e+02 3.95033794e-06 2.73991582e-06
6.27200000e+02 1.25786960e-06 3.17899663e-06
6.28480000e+02 1.78403934e-06 2.66878199e-06
6.29760000e+02 9.62010859e-07 2.48368591e-06
6.31040000e+02 -1.34663154e-07 2.88523103e-06
6.32320000e+02 -3.01605655e-06 2.63437089e-06
6.33600000e+02 -2.38439998e-06 3.27442096e-06
6.34880000e+02 -3.31877186e-06 3.38456215e-06
6.36160000e+02 -1.95038137e-06 2.99732310e-06
6.37440000e+02 -4.70947089e-06 2.81838517e-06
6.38720000e+02 -2.88086790e-06 3.04867734e-06
6.40000000e+02 -3.58018383e-06 2.37177345e-06
6.41280000e+02 -8.28976496e-08 2.53378739e-06
6.42560000e+02 1.87046385e-06 3.13290789e-06
6.43840000e+02 1.94045265e-06 3.26053440e-06
6.45120000e+02 -5.55650558e-07 3.17816392e-06
6.46400000e+02 -3.52925349e-06 2.79978179e-06
6.47680000e+02 -8.65261200e-07 3.06393858e-06
6.48960000e+02 -2.56908925e-06 3.28360198e-06
6.50240000e+02 -4.15155455e-06 3.72039228e-06
6.51520000e+02 -5.57228668e-06 4.18137019e-06
6.52800000e+02 -7.07290701e-06 4.02204474e-06
6.54080000e+02 -8.37361858e-06 4.90670531e-06
6.55360000e+02 -8.94215827e-06 4.80109471e-06
6.56640000e+02 -1.00576735e-05 4.74496327e-06
6.57920000e+02 -7.06348328e-06 4.31723857e-06
6.59200000e+02 -5.61378147e-06 4.12578633e-06
6.60480000e+02 -3.84891609e-06 3.69625927e-06
6.61760000e+02 -3.41685359e-06 3.21351104e-06
6.63040000e+02 -1.97850659e-06 3.18531805e-06
6.64320000e+02 -1.27367684e-06 2.86991780e-06
6.65600000e+02 -2.50506719e-06 2.60635312e-06
6.66880000e+02 -2.34336244e-06 2.80458151e-06
6.68160000e+02 -4.63318565e-06 2.96142942e-06
6.69440000e+02 -4.93473453e-06 2.58413877e-06
6.70720000e+02 -5.13792975e-06 2.84338378e-06
6.72000000e+02 -4.60856836e-06 2.27061221e-06
6.73280000e+02 -4.46378635e-06 3.10380354e-06
6.74560000e+02 -3.83099268e-06 3.03661061e-06
6.75840000e+02 2.57395186e-07 2.87240765e-06
6.77120000e+02 -1.06348671e-06 3.80277208e-06
6.78400000e+02 2.19637883e-07 3.56750254e-06
6.79680000e+02 -4.40863602e-07 3.51574099e-06
6.80960000e+02 -2.86295375e-07 3.49154689e-06
6.82240000e+02 -2.72122907e-06 3.62169553e-06
6.83520000e+02 -3.32002287e-06 3.81469817e-06
6.84800000e+02 -2.99162275e-06 3.41075198e-06
6.86080000e+02 -3.87734053e-06 3.63854381e-06
6.87360000e+02 -2.23885104e-06 3.80114011e-06
6.88640000e+02 -3.05499748e-06 3.47993395e-06
6.89920000e+02 -4.50415246e-06 3.14829996e-06
6.91200000e+02 -7.50562640e-06 3.11028685e-06
6.92480000e+02 -5.87225941e-06 3.00508187e-06
6.93760000e+02 -6.31206285e-06 2.66051403e-06
6.95040000e+02 -5.44678005e-06 3.00176760e-06
6.96320000e+02 -5.10536665e-06 3.31260918e-06
6.97600000e+02 -3.11810231e-06 3.22099459e-06
6.98880000e+02 -3.80148754e-06 3.02967147e-06
7.00160000e+02 -6.19254979e-06 3.08886416e-06
7.01440000e+02 -6.64006711e-06 3.89805369e-06
7.02720000e+02 -1.96601400e-06 3.86830145e-06
7.04000000e+02 -5.52798247e-06 4.04004178e-06
7.05280000e+02 -1.49856521e-06 3.84545425e-06
7.06560000e+02 -8.23209746e-07 3.62167172e-06
7.07840000e+02 1.46433740e-06 3.04657697e-06
7.09120000e+02 1.86256500e-06 2.76489563e-06
7.10400000e+02 -8.99285681e-07 2.55556722e-06
7.11680000e+02 1.37101961e-06 3.33378431e-06
7.12960000e+02 2.15658724e-06 4.01968021e-06
7.14240000e+02 2.13401017e-06 3.57839387e-06
7.15520000e+02 2.35144398e-06 3.57090355e-06
7.16800000e+02 3.38644190e-06 3.95930422e-06
7.18080000e+02 3.22185514e-07 4.00978699e-06
7.19360000e+02 8.32038268e-07 3.60669980e-06
7.20640000e+02 1.28925350e-07 3.08374960e-06
7.21920000e+02 2.63382475e-07 2.97450870e-06
7.23200000e+02 8.43584701e-07 3.30466247e-06
7.24480000e+02 3.02881205e-07 2.65074442e-06
7.25760000e+02 -6.85307270e-07 2.95801958e-06
7.27040000e+02 1.32036257e-06 3.31256559e-06
7.28320000e+02 2.01965304e-06 2.66836965e-06
7.29600000e+02 1.56044314e-06 2.69216590e-06
7.30880000e+02 2.29723673e-06 2.31618958e-06
7.32160000e+02 4.23361689e-06 2.28744868e-06
7.33440000e+02 4.31480748e-06 2.35690709e-06
7.34720000e+02 4.30757200e-06 2.80283678e-06
7.36000000e+02 4.49205163e-06 2.80577226e-06
7.37280000e+02 3.41725899e-06 2.98925378e-06
7.38560000e+02 1.98059479e-06 3.02333486e-06
7.39840000e+02 -2.41545415e-08 3.36266255e-06
7.41120000e+02 2.23101620e-06 3.39265272e-06
7.42400000e+02 3.08244194e-06 3.96801032e-06
7.43680000e+02 3.92539135e-07 3.17953215e-06
7.44960000e+02 3.24331154e-07 3.63096576e-06
7.46240000e+02 -6.56456791e-07 3.88381055e-06
7.47520000e+02 -8.54084021e-07 3.38714227e-06
7.48800000e+02 -1.76295066e-06 2.68108011e-06
7.50080000e+02 -1.31850413e-06 2.02685647e-06
7.51360000e+02 -3.92484117e-06 2.37129509e-06
7.52640000e+02 -3.67930534e-06 2.26508458e-06
7.53920000e+02 -1.79665074e-06 2.22639974e-06
7.55200000e+02 -5.65496201e-08 2.30946260e-06
7.56480000e+02 2.63386628e-08 2.58852956e-06
7.57760000e+02 -9.42384986e-07 2.46941844e-06
7.59040000e+02 -1.41905718e-06 2.41686245e-06
7.60320000e+02 -4.16497960e-06 2.68906249e-06
7.61600000e+02 -5.95763959e-06 3.00121010e-06
7.62880000e+02 -3.93794335e-06 3.46879479e-06
7.64160000e+02 -7.18133879e-06 3.45550289e-06
7.65440000e+02 -2.57686429e-06 3.42678825e-06
7.66720000e+02 -2.25308872e-06 3.02477993e-06
7.68000000e+02 -2.17307775e-06 3.30892336e-06
7.69280000e+02 -1.06999209e-06 3.35653515e-06
7.70560000e+02 4.43343282e-07 2.64711261e-06
7.71840000e+02 4.43191766e-06 2.40762787e-06
7.73120000e+02 2.03258696e-06 2.28919513e-06
7.74400000e+02 1.40363670e-06 2.31942859e-06
7.75680000e+02 2.47686125e-06 2.91775313e-06
7.76960000e+02 8.34232424e-07 2.35225491e-06
7.78240000e+02 -1.40067698e-07 2.80658269e-06
7.79520000e+02 -3.03148255e-07 3.01758673e-06
7.80800000e+02 -2.03294917e-06 2.75605777e-06
7.82080000e+02 -3.38273549e-06 3.59005209e-06
7.83360000e+02 -5.27682187e-06 3.32116710e-06
7.84640000e+02 -5.12053748e-06 3.88370866e-06
7.85920000e+02 -1.84495798e-06 3.54589586e-06
7.87200000e+02 -3.77070046e-06 3.50903975e-06
7.88480000e+02 -6.83982717e-06 3.03381001e-06
7.89760000e+02 -7.49896572e-06 3.16005511e-06
7.91040000e+02 -7.73614374e-06 3.10609450e-06
7.92320000e+02 -7.23285802e-06 3.06544192e-06
7.93600000e+02 -5.86757824e-06 3.33773782e-06
7.94880000e+02 -5.02415742e-06 3.13132461e-06
7.96160000e+02 -4.51491405e-06 2.63263241e-06
7.97440000e+02 -1.81961025e-06 2.90122606e-06
7.98720000e+02 -3.73655644e-06 3.26087547e-06
8.00000000e+02 -2.94654865e-06 3.95665535e-06
8.01280000e+02 -2.63205584e-06 3.74939053e-06
8.02560000e+02 -8.72690350e-07 3.84287879e-06
8.03840000e+02 1.50705705e-06 3.31953640e-06
8.05120000e+02 2.08203474e-07 3.60377604e-06
8.06400000e+02 -2.58218165e-06 3.29910922e-06
8.07680000e+02 -1.12790792e-06 3.87384156e-06
8.08960000e+02 -2.01881539e-06 3.59847356e-06
8.10240000e+02 -2.80108316e-06 3.26703791e-06
8.11520000e+02 -1.92778339e-06 3.41679599e-06
8.12800000e+02 -1.68820361e-06 3.42221162e-06
8.14080000e+02 -8.39131701e-07 4.07967069e-06
8.15360000e+02 1.36446465e-06 4.34716435e-06
8.16640000e+02 7.12410099e-07 4.11051568e-06
8.17920000e+02 -1.36355823e-06 4.40009798e-06
8.19200000e+02 -1.45067213e-06 4.32662326e-06
8.20480000e+02 -3.65909727e-06 3.21211512e-06
8.21760000e+02 -3.31794422e-06 3.88009536e-06
8.23040000e+02 -1.47882076e-06 3.54910996e-06
8.24320000e+02 -8.57627128e-07 3.77586385e-06
8.25600000e+02 -1.86948887e-06 3.53695710e-06
8.26880000e+02 1.91132301e-07 3.08950020e-06
8.28160000e+02 1.92104085e-06 2.83637495e-06
8.29440000e+02 3.56378246e-06 2.89816379e-06
8.30720000e+02 1.93789924e-06 2.93169134e-06
8.32000000e+02 2.89952965e-07 2.91024921e-06
8.33280000e+02 -1.57097827e-06 3.01561620e-06
8.34560000e+02 -2.00054637e-06 2.64979535e-06
8.35840000e+02 -1.12695534e-06 2.75274154e-06
8.37120000e+02 -2.32205116e-06 2.92185515e-06
8.38400000e+02 -1.19545200e-06 3.87290084e-06
8.39680000e+02 -2.81294888e-07 4.11718812e-06
8.40960000e+02 1.41939677e-06 4.01322664e-06
8.42240000e+02 -1.32810680e-06 3.83759274e-06
8.43520000e+02 -3.90674950e-06 3.91029553e-06
8.44800000e+02 -2.68655140e-06 3.67113399e-06
8.46080000e+02 -4.30545788e-06 3.62218899e-06
8.47360000e+02 -5.14961903e-06 3.29800212e-06
8.48640000e+02 -2.77224331e-06 3.43323893e-06
8.49920000e+02 -5.44446993e-06 3.59476771e-06
8.51200000e+02 -6.31607691e-06 3.36279555e-06
8.52480000e+02 -7.97624671e-06 4.07482875e-06
8.53760000e+02 -9.19827562e-06 3.46734983e-06
8.55040000e+02 -1.02785161e-05 3.28444554e-06
8.56320000e+02 -6.88155114e-06 3.62639012e-06
8.57600000e+02 -5.53975406e-06 4.22953747e-06
8.58880000e+02 -4.05792298e-06 3.65538842e-06
8.60160000e+02 -2.62022945e-06 3.59420966e-06
8.61440000e+02 -1.17020511e-06 4.14770732e-06
8.62720000e+02 -4.04825556e-07 4.35433999e-06
8.64000000e+02 -8.33391084e-07 4.01116331e-06
8.65280000e+02 1.41159421e-06 4.19615353e-06
8.66560000e+02 -2.77615868e-07 4.02115145e-06
8.67840000e+02 -1.57076602e-06 4.56374774e-06
8.69120000e+02 -2.56125600e-06 5.07168018e-06
8.70400000e+02 -5.03120827e-06 3.55856022e-06
8.71680000e+02 -3.70366342e-06 3.61708044e-06
8.72960000e+02 -4.06360550e-06 4.03247614e-06
8.74240000e+02 -4.70867190e-06 4.46586375e-06
8.75520000e+02 -3.66613085e-06 4.25139022e-06
8.76800000e+02 -2.86571708e-06 4.41943788e-06
8.78080000e+02 -4.03204831e-06 3.93122850e-06
8.79360000e+02 -3.83013730e-06 3.62444174e-06
8.80640000e+02 -4.65734229e-06 2.76159648e-06
8.81920000e+02 -6.71608132e-06 2.84186954e-06
8.83200000e+02 -5.31941942e-06 2.87128727e-06
8.84480000e+02 -3.56139117e-06 3.57500825e-06
8.85760000e+02 -3.39242501e-06 3.45481828e-06
8.87040000e+02 -5.04968875e-06 2.94277837e-06
8.88320000e+02 -6.06354388e-06 3.29000462e-06
8.89600000e+02 -4.00100589e-06 3.37180901e-06
8.90880000e+02 -4.50929974e-06 3.19137951e-06
8.92160000e+02 -3.91854201e-06 2.97813038e-06
8.93440000e+02 -1.66165580e-06 3.02669893e-06
8.94720000e+02 -9.17733757e-07 2.95686694e-06
8.96000000e+02 -3.15508419e-06 2.78636039e-06
8.97280000e+02 -1.98333782e-06 2.90618757e-06
8.98560000e+02 -2.54546467e-06 2.50616802e-06
8.99840000e+02 -2.89945797e-06 3.24086392e-06
9.01120000e+02 -3.38178870e-06 3.26880819e-06
9.02400000e+02 -2.29439615e-06 2.91634271e-06
9.03680000e+02 -2.27953228e-06 3.32434668e-06
9.04960000e+02 -5.35313291e-07 2.73165008e-06
9.06240000e+02 1.91507888e-06 3.17093477e-06
9.07520000e+02 3.56881264e-06 3.45407350e-06
9.08800000e+02 3.94525432e-06 3.26658892e-06
9.10080000e+02 4.20674496e-06 3.35064079e-06
9.11360000e+02 4.56366433e-06 2.55298946e-06
9.12640000e+02 2.72784678e-06 2.54560679e-06
9.13920000e+02 3.66743188e-06 2.18378613e-06
9.15200000e+02 2.51622782e-06 2.57144390e-06
9.16480000e+02 2.15737737e-06 3.24492943e-06
9.17760000e+02 1.31558423e-07 3.14842075e-06
9.19040000e+02 1.09768735e-06 3.04470575e-06
9.20320000e+02 1.05936647e-06 2.78784738e-06
9.21600000e+02 4.59069543e-06 2.94619008e-06
9.22880000e+02 2.05729890e-07 2.74149917e-06
9.24160000e+02 3.46348816e-06 2.67001014e-06
9.25440000e+02 1.44191529e-06 3.31757467e-06
9.26720000e+02 2.42802275e-06 3.99657504e-06
9.28000000e+02 2.65796302e-06 3.71774558e-06
9.29280000e+02 3.70445673e-06 3.54667130e-06
9.30560000e+02 2.98045802e-06 3.68847780e-06
9.31840000e+02 1.18919093e-06 3.69886007e-06
9.33120000e+02 -9.34232389e-07 4.21137223e-06
9.34400000e+02 3.18349606e-07 3.96071751e-06
9.35680000e+02 3.13819669e-06 3.99389708e-06
9.36960000e+02 1.17116235e-06 3.98014258e-06
9.38240000e+02 5.81721736e-07 4.01710373e-06
9.39520000e+02 5.87776924e-07 3.72235275e-06
9.40800000e+02 5.43702868e-07 3.64728058e-06
9.42080000e+02 2.45966658e-06 3.88949852e-06
9.43360000e+02 -9.69821201e-08 3.43153593e-06
9.44640000e+02 4.06481263e-07 3.66237209e-06
9.45920000e+02 2.71756358e-06 3.91411920e-06
9.47200000e+02 -3.40687549e-08 3.83880992e-06
9.48480000e+02 -1.38698522e-06 3.88689270e-06
9.49760000e+02 -2.51871552e-06 3.48968747e-06
9.51040000e+02 -2.60937304e-06 3.49598694e-06
9.52320000e+02 -1.99002830e-06 3.18329516e-06
9.53600000e+02 -3.21690595e-06 3.58332610e-06
9.54880000e+02 -2.76633159e-06 3.37050291e-06
9.56160000e+02 -3.19126207e-06 3.33961018e-06
9.57440000e+02 -2.37834297e-06 3.56391816e-06
9.58720000e+02 -1.86104637e-06 3.49557834e-06
9.60000000e+02 -2.89913578e-06 3.18209042e-06
9.61280000e+02 -1.47461674e-06 3.42704011e-06
9.62560000e+02 3.08240473e-08 3.39165800e-06
9.63840000e+02 1.22620497e-06 3.61742436e-06
9.65120000e+02 2.44438047e-06 3.07870635e-06
9.66400000e+02 3.86273496e-06 3.13227846e-06
9.67680000e+02 1.39475986e-07 2.75672237e-06
9.68960000e+02 1.00116694e-07 3.41857848e-06
9.70240000e+02 -4.64077687e-07 3.04236951e-06
9.71520000e+02 -3.29933272e-07 3.02402844e-06
9.72800000e+02 -9.84332758e-08 3.14299533e-06
9.74080000e+02 8.86021155e-07 3.37409343e-06
9.75360000e+02 -8.66789662e-08 3.76079658e-06
9.76640000e+02 -2.24184691e-06 3.23064301e-06
9.77920000e+02 -3.53781388e-06 3.13896584e-06
9.79200000e+02 -3.72207478e-06 3.26437350e-06
9.80480000e+02 -2.03568698e-06 3.49232649e-06
9.81760000e+02 -7.06041249e-07 3.49250588e-06
9.83040000e+02 -2.01126568e-07 4.11636198e-06
9.84320000e+02 1.66354440e-07 3.65698153e-06
9.85600000e+02 -1.27677311e-06 3.42125413e-06
9.86880000e+02 9.30738622e-07 4.04638043e-06
9.88160000e+02 2.56807562e-06 4.30003066e-06
9.89440000e+02 2.87042599e-06 3.81702732e-06
9.90720000e+02 -5.34746562e-07 4.87692450e-06
9.92000000e+02 3.28415780e-07 4.83306996e-06
9.93280000e+02 6.49396668e-07 5.34331819e-06
9.94560000e+02 -2.43005275e-06 3.42448068e-06
9.95840000e+02 2.31176659e-06 2.96810573e-06
9.97120000e+02 -2.86730733e-06 3.01706441e-06
9.98400000e+02 -4.02910200e-06 3.55032830e-06
9.99680000e+02 -2.52920199e-06 4.38105937e-06
1.00096000e+03 -1.76240599e-06 4.29388248e-06
1.00224000e+03 -1.26156499e-06 3.99264045e-06
1.00352000e+03 -4.42569853e-06 4.36125083e-06
1.00480000e+03 -3.49592051e-06 3.58555934e-06
1.00608000e+03 -3.43077159e-06 3.75572585e-06
1.00736000e+03 -3.29078216e-06 4.07953620e-06
1.00864000e+03 -2.50112976e-06 4.14128880e-06
1.00992000e+03 -6.80911285e-07 4.16181569e-06
1.01120000e+03 -2.81308962e-06 4.06526536e-06
1.01248000e+03 -2.81393386e-06 3.67592629e-06
1.01376000e+03 -1.93501501e-06 3.83742702e-06
1.01504000e+03 -1.87788089e-06 3.64684826e-06
1.01632000e+03 8.30266572e-07 3.58251715e-06
1.01760000e+03 -4.43931697e-07 3.68812876e-06
1.01888000e+03 -1.73871115e-06 3.47559913e-06
1.02016000e+03 2.56172967e-07 3.26782747e-06
1.02144000e+03 1.48908578e-06 3.22961142e-06
1.02272000e+03 -1.39972190e-06 2.99521986e-06
1.02400000e+03 2.36618735e-06 3.67465018e-06
1.02528000e+03 7.57240684e-07 4.06223837e-06
1.02656000e+03 -1.06393804e-06 4.67251978e-06
1.02784000e+03 -6.01975614e-07 4.39871668e-06
1.02912000e+03 -3.40084085e-07 3.82966459e-06
1.03040000e+03 -2.40807617e-06 3.64478207e-06
1.03168000e+03 -1.95515349e-06 3.17778001e-06
1.03296000e+03 4.75990845e-07 3.68774182e-06
1.03424000e+03 -1.58424552e-06 3.39816520e-06
1.03552000e+03 -1.28479098e-06 3.22187439e-06
1.03680000e+03 -3.65680165e-07 3.78958229e-06
1.03808000e+03 1.38222697e-06 3.15868367e-06
1.03936000e+03 7.42050020e-07 3.41983483e-06
1.04064000e+03 3.05364279e-06 2.85497611e-06
1.04192000e+03 1.04734056e-06 2.74350815e-06
1.04320000e+03 -2.18588863e-08 2.19090864e-06
1.04448000e+03 -2.31232252e-06 3.08444896e-06
1.04576000e+03 1.88760828e-06 3.27076822e-06
1.04704000e+03 2.70985697e-06 3.20019996e-06
1.04832000e+03 6.92987396e-06 2.83926084e-06
1.04960000e+03 5.85963471e-06 2.85452637e-06
1.05088000e+03 7.02647185e-06 3.26725737e-06
1.05216000e+03 4.30062346e-06 4.14311392e-06
1.05344000e+03 4.58016211e-06 4.26424869e-06
1.05472000e+03 6.88938371e-06 4.35909914e-06
1.05600000e+03 6.06675349e-06 4.98984252e-06
1.05728000e+03 5.04370382e-06 4.37996685e-06
1.05856000e+03 3.79922471e-06 4.49495440e-06
1.05984000e+03 7.12967540e-06 4.25150199e-06
1.06112000e+03 4.61651553e-06 4.46975000e-06
1.06240000e+03 5.12996485e-06 5.05393578e-06
1.06368000e+03 8.16130864e-07 4.93251968e-06
1.06496000e+03 9.48493891e-07 5.02999023e-06
1.06624000e+03 6.13409270e-07 4.15856221e-06
1.06752000e+03 -1.20979018e-06 3.56465672e-06
1.06880000e+03 -9.66287757e-07 3.78200021e-06
1.07008000e+03 -1.63969548e-06 3.79227198e-06
1.07136000e+03 -1.79254812e-06 3.58902149e-06
1.07264000e+03 8.93765673e-07 3.71482845e-06
1.07392000e+03 1.98928183e-06 4.24825895e-06
1.07520000e+03 9.09948824e-07 3.49514627e-06
1.07648000e+03 -1.43661839e-06 4.27419712e-06
1.07776000e+03 -1.17507761e-06 4.84401196e-06
1.07904000e+03 -1.12419218e-06 4.03627262e-06
1.08032000e+03 -2.69339080e-06 5.12762591e-06
1.08160000e+03 -2.02643446e-06 4.10545167e-06
1.08288000e+03 -7.63034109e-07 3.47479171e-06
1.08416000e+03 -3.75486866e-06 4.15945401e-06
1.08544000e+03 -4.64863115e-06 3.48136835e-06
1.08672000e+03 -2.85923579e-06 3.34363672e-06
1.08800000e+03 -2.42112583e-06 3.70794642e-06
1.08928000e+03 -2.18045375e-06 3.00332384e-06
1.09056000e+03 -2.89584864e-06 3.04492315e-06
1.09184000e+03 -3.63404729e-06 3.36526704e-06
1.09312000e+03 -3.31624983e-06 3.61088370e-06
1.09440000e+03 -3.75876061e-06 3.83868322e-06
1.09568000e+03 -4.56226371e-06 3.90537810e-06
1.09696000e+03 -2.57531428e-06 3.54132114e-06
1.09824000e+03 -2.58601403e-06 3.61085470e-06
1.09952000e+03 -1.05093989e-06 3.91133340e-06
1.10080000e+03 1.54873078e-06 4.28984303e-06
1.10208000e+03 2.06766958e-06 4.37659395e-06
1.10336000e+03 2.98834698e-06 4.54263222e-06
1.10464000e+03 6.54310861e-06 4.87206221e-06
1.10592000e+03 6.99965358e-06 4.40100273e-06
1.10720000e+03 2.45674119e-06 4.23557098e-06
1.10848000e+03 2.86756676e-06 4.05515710e-06
1.10976000e+03 2.27307510e-06 3.37980710e-06
1.11104000e+03 2.50526909e-06 2.60336938e-06
1.11232000e+03 4.32798743e-06 3.47953295e-06
1.11360000e+03 6.38013216e-06 3.67219321e-06
1.11488000e+03 3.89102843e-06 3.83965351e-06
1.11616000e+03 2.87999455e-06 3.40470001e-06
1.11744000e+03 3.23447262e-06 3.29517480e-06
1.11872000e+03 1.99291640e-06 3.95340416e-06
1.12000000e+03 -9.88999545e-07 4.45594765e-06
1.12128000e+03 -3.57126032e-06 5.34740759e-06
1.12256000e+03 -2.35292964e-06 4.83105313e-06
1.12384000e+03 5.89443459e-07 4.35860264e-06
1.12512000e+03 2.86304908e-06 3.72696127e-06
1.12640000e+03 3.26089889e-06 3.91749134e-06
1.12768000e+03 3.09466600e-06 4.37507771e-06
1.12896000e+03 5.34491755e-06 5.04826783e-06
1.13024000e+03 6.24686891e-06 5.26336179e-06
1.13152000e+03 5.60285889e-06 5.17050893e-06
1.13280000e+03 4.36261098e-06 4.07030400e-06
1.13408000e+03 3.88183935e-06 4.87038372e-06
1.13536000e+03 2.53505596e-06 4.45884738e-06
1.13664000e+03 2.90825233e-06 5.78112249e-06
1.13792000e+03 3.71862740e-07 4.06872920e-06
1.13920000e+03 -3.56413761e-06 3.61390299e-06
1.14048000e+03 -2.92690083e-06 3.26950124e-06
1.14176000e+03 -5.02361036e-06 3.39286158e-06
1.14304000e+03 -6.39901782e-06 3.66219982e-06
1.14432000e+03 -6.42134000e-06 3.65110168e-06
1.14560000e+03 -4.00825638e-06 3.95589046e-06
1.14688000e+03 -1.40125292e-06 3.78031601e-06
1.14816000e+03 6.47613319e-07 3.89523746e-06
1.14944000e+03 2.18414402e-06 4.02123301e-06
1.15072000e+03 2.56160774e-06 3.64226607e-06
1.15200000e+03 1.25095892e-06 3.36046315e-06
1.15328000e+03 2.31700687e-06 3.17606251e-06
1.15456000e+03 2.89725733e-07 3.10628563e-06
1.15584000e+03 -3.64581888e-06 3.33085960e-06
1.15712000e+03 -3.88011085e-06 3.19347178e-06
1.15840000e+03 -2.21677010e-06 3.29081246e-06
1.15968000e+03 -1.88428339e-06 2.70871797e-06
1.16096000e+03 -4.53429493e-06 2.73380025e-06
1.16224000e+03 -4.47623779e-06 2.83022681e-06
1.16352000e+03 -6.37248149e-06 3.22437007e-06
1.16480000e+03 -6.10696316e-06 3.88030461e-06
1.16608000e+03 -7.43465534e-06 3.92302985e-06
1.16736000e+03 -3.61207117e-06 3.75459409e-06
1.16864000e+03 -2.80313839e-06 3.80372181e-06
1.16992000e+03 -6.54003406e-06 4.55119968e-06
1.17120000e+03 -5.19081368e-06 5.12397259e-06
1.17248000e+03 4.34096350e-08 4.87888016e-06
1.17376000e+03 -2.69903836e-07 4.93748014e-06
1.17504000e+03 -9.46195655e-07 4.47717436e-06
1.17632000e+03 -7.53416884e-07 3.49126560e-06
1.17760000e+03 -1.39540214e-06 3.92956911e-06
1.17888000e+03 -4.93559128e-07 4.36665790e-06
1.18016000e+03 1.84602573e-06 4.55317622e-06
1.18144000e+03 3.60033255e-06 4.01706819e-06
1.18272000e+03 2.45507181e-06 4.03297255e-06
1.18400000e+03 3.79470225e-06 3.91387549e-06
1.18528000e+03 -7.49535786e-07 3.94183397e-06
1.18656000e+03 -3.21232676e-07 4.13118475e-06
1.18784000e+03 -2.44924672e-06 4.27827407e-06
1.18912000e+03 2.30812748e-06 4.44439576e-06
1.19040000e+03 -8.44944338e-07 3.71156590e-06
1.19168000e+03 -4.97630367e-07 3.99305209e-06
1.19296000e+03 3.35980963e-06 4.24859352e-06
1.19424000e+03 4.25040525e-06 3.45479802e-06
1.19552000e+03 3.78835307e-06 5.01824419e-06
1.19680000e+03 4.10571238e-06 5.45785577e-06
1.19808000e+03 -1.94124505e-06 5.76367448e-06
1.19936000e+03 -4.35629346e-07 6.27389188e-06
1.20064000e+03 2.43289094e-07 4.84060179e-06
1.20192000e+03 2.45087472e-06 4.47451723e-06
1.20320000e+03 1.31825959e-06 4.98669763e-06
1.20448000e+03 2.50176367e-06 4.66619713e-06
1.20576000e+03 -1.25942347e-06 4.51844345e-06
1.20704000e+03 -2.05594029e-06 4.44598390e-06
1.20832000e+03 -1.65702176e-07 4.33057524e-06
1.20960000e+03 2.83294548e-06 3.03877200e-06
1.21088000e+03 2.98485929e-06 3.90333396e-06
1.21216000e+03 6.45310649e-07 4.59298133e-06
1.21344000e+03 2.96517510e-06 4.51714015e-06
1.21472000e+03 2.19677773e-07 5.04060381e-06
1.21600000e+03 2.21053529e-06 4.82483655e-06
1.21728000e+03 2.32192747e-06 4.63481296e-06
1.21856000e+03 2.92366099e-06 5.17916882e-06
1.21984000e+03 6.93589755e-07 5.12234554e-06
1.22112000e+03 2.63079278e-06 5.06514233e-06
1.22240000e+03 4.79986193e-06 5.58437598e-06
1.22368000e+03 3.42976909e-06 5.22757693e-06
1.22496000e+03 1.52631372e-07 4.24707020e-06
1.22624000e+03 -6.54765273e-08 3.85047071e-06
1.22752000e+03 -2.16359035e-06 4.26533095e-06
1.22880000e+03 -7.95767676e-07 4.13658891e-06
1.23008000e+03 -1.74920714e-07 4.26708463e-06
1.23136000e+03 1.03597097e-06 4.28797497e-06
1.23264000e+03 1.55494308e-06 4.65006710e-06
1.23392000e+03 -3.34877473e-06 5.73545450e-06
1.23520000e+03 -2.42116698e-06 4.83887339e-06
1.23648000e+03 1.46805789e-07 4.12382668e-06
1.23776000e+03 1.53774829e-06 3.41485030e-06
1.23904000e+03 8.92130004e-07 3.91750850e-06
1.24032000e+03 9.47479066e-07 4.04120607e-06
1.24160000e+03 -2.90746186e-07 3.94373364e-06
1.24288000e+03 6.90388617e-07 4.19453802e-06
1.24416000e+03 1.64279379e-06 4.57507250e-06
1.24544000e+03 2.05631500e-06 4.78287923e-06
1.24672000e+03 -8.76378863e-07 4.23124897e-06
1.24800000e+03 -2.26414363e-06 4.14579317e-06
1.24928000e+03 -2.69357110e-06 4.31879545e-06
1.25056000e+03 -8.15320163e-06 3.96061592e-06
1.25184000e+03 -6.88335194e-06 4.39220781e-06
1.25312000e+03 -4.33931746e-06 4.80784107e-06
1.25440000e+03 -3.95050210e-06 5.67748031e-06
1.25568000e+03 -2.58023510e-06 5.73142582e-06
1.25696000e+03 -1.00734781e-06 5.05046086e-06
1.25824000e+03 -3.83963453e-07 5.17361308e-06
1.25952000e+03 -2.16893613e-06 4.62714313e-06
1.26080000e+03 8.51084337e-07 5.54697344e-06
1.26208000e+03 1.31104457e-06 4.78436048e-06
1.26336000e+03 2.18301898e-06 5.93682588e-06
1.26464000e+03 3.52942038e-06 5.12854054e-06
1.26592000e+03 8.97078678e-07 5.39079043e-06
1.26720000e+03 -1.87316436e-06 4.26762711e-06
1.26848000e+03 -2.32375851e-06 4.33597415e-06
1.26976000e+03 -1.95526331e-06 4.84904184e-06
1.27104000e+03 -1.62592937e-06 4.71798757e-06
1.27232000e+03 -2.15995533e-06 4.69335805e-06
1.27360000e+03 -4.87736588e-06 4.50605061e-06
1.27488000e+03 -4.27218720e-06 5.15637062e-06
1.27616000e+03 -6.47490469e-06 4.50232789e-06
1.27744000e+03 -6.07000857e-06 3.94538230e-06
1.27872000e+03 -6.15180898e-06 3.73586337e-06
1.28000000e+03 -3.94800327e-06 4.00920778e-06
1.28128000e+03 -1.94081537e-07 4.11913827e-06
1.28256000e+03 -5.58599254e-07 3.46653031e-06
1.28384000e+03 8.80838371e-08 4.03252837e-06
1.28512000e+03 1.89921241e-06 4.33132011e-06
1.28640000e+03 1.83304326e-06 4.91082607e-06
1.28768000e+03 3.50936421e-06 5.26790417e-06
1.28896000e+03 4.31944363e-06 4.57937444e-06
1.29024000e+03 5.57913972e-06 5.85165158e-06
1.29152000e+03 3.30884700e-06 5.10594858e-06
1.29280000e+03 2.29529110e-06 4.83436591e-06
1.29408000e+03 -6.66319195e-08 5.14448466e-06
1.29536000e+03 -2.36210053e-06 4.99958383e-06
1.29664000e+03 -7.15924125e-06 4.02441789e-06
1.29792000e+03 -1.17987838e-05 3.89813999e-06
1.29920000e+03 -8.17887485e-06 3.66298582e-06
1.30048000e+03 -8.16775082e-06 3.41454357e-06
1.30176000e+03 -4.87978377e-06 2.87209321e-06
1.30304000e+03 -6.50658512e-06 2.86218363e-06
1.30432000e+03 -7.77708374e-06 3.41547847e-06
1.30560000e+03 -9.00032046e-06 3.86674450e-06
1.30688000e+03 -8.03923649e-06 2.74073367e-06
1.30816000e+03 -7.42755810e-06 2.38272348e-06
1.30944000e+03 -5.76404318e-06 2.51257902e-06
1.31072000e+03 -7.42654129e-06 2.32982799e-06
1.31200000e+03 -1.21137236e-05 3.14749697e-06
1.31328000e+03 -9.49160221e-06 2.93821937e-06
1.31456000e+03 -9.85985753e-06 3.64439243e-06
1.31584000e+03 -6.98697795e-06 3.48530532e-06
1.31712000e+03 -4.16586545e-06 3.77476718e-06
1.31840000e+03 -1.67124551e-06 3.35112865e-06
1.31968000e+03 -3.87184582e-06 3.61165560e-06
1.32096000e+03 -6.35751803e-06 3.81279364e-06
1.32224000e+03 -9.04323770e-06 4.49299278e-06
1.32352000e+03 -7.91708135e-06 4.57432915e-06
1.32480000e+03 -9.40664358e-06 4.73227886e-06
1.32608000e+03 -9.73386341e-06 5.36884592e-06
1.32736000e+03 -9.08294078e-06 4.79264889e-06
1.32864000e+03 -1.24674125e-05 5.16489812e-06
1.32992000e+03 -1.40328420e-05 5.51934487e-06
1.33120000e+03 -1.15845296e-05 4.76884982e-06
1.33248000e+03 -1.13311589e-05 4.46275476e-06
1.33376000e+03 -8.17220007e-06 4.06042832e-06
1.33504000e+03 -5.50051027e-06 4.41745135e-06
1.33632000e+03 1.19537185e-06 4.69495033e-06
1.33760000e+03 1.72615137e-06 4.89165207e-06
1.33888000e+03 1.90211733e-06 4.48867055e-06
1.34016000e+03 2.53515395e-06 4.81642498e-06
1.34144000e+03 2.94921597e-06 5.29403922e-06
1.34272000e+03 1.79321819e-06 5.66887967e-06
1.34400000e+03 6.61697129e-07 6.10843898e-06
1.34528000e+03 -2.39665194e-08 5.61716897e-06
1.34656000e+03 -3.28512033e-06 6.02276794e-06
1.34784000e+03 -3.79881072e-07 4.89834648e-06
1.34912000e+03 1.10009523e-06 4.48159547e-06
1.35040000e+03 2.31710237e-06 4.72176349e-06
1.35168000e+03 3.14068552e-06 4.89705476e-06
1.35296000e+03 2.74556527e-07 5.23295077e-06
1.35424000e+03 5.55006000e-06 4.98275031e-06
1.35552000e+03 1.68186932e-06 5.44589377e-06
1.35680000e+03 -1.68889460e-06 6.37944915e-06
1.35808000e+03 4.80473659e-07 7.87114453e-06
1.35936000e+03 -1.68305280e-06 6.47191278e-06
1.36064000e+03 1.03250341e-06 5.48064334e-06
1.36192000e+03 4.78765560e-06 5.21779866e-06
1.36320000e+03 2.17795650e-06 5.57901525e-06
1.36448000e+03 1.06089635e-06 5.33802934e-06
1.36576000e+03 -2.77043159e-06 5.14301109e-06
1.36704000e+03 -3.87950513e-06 5.82713650e-06
1.36832000e+03 -3.90931928e-06 5.30337860e-06
1.36960000e+03 -3.50992195e-06 5.89410059e-06
1.37088000e+03 -4.78604443e-06 5.21099438e-06
1.37216000e+03 -3.25993210e-06 4.99469866e-06
1.37344000e+03 2.06927234e-06 5.40849118e-06
1.37472000e+03 2.13274211e-06 5.22450786e-06
1.37600000e+03 9.30018587e-07 5.32849136e-06
1.37728000e+03 -1.87354067e-06 5.86040608e-06
1.37856000e+03 -6.68517350e-06 7.94957900e-06
1.37984000e+03 -1.00694506e-05 7.64205307e-06
1.38112000e+03 -7.62991294e-06 5.81809437e-06
1.38240000e+03 -3.95884308e-06 4.78130067e-06
1.38368000e+03 -5.51519270e-06 5.13679772e-06
1.38496000e+03 -4.66996971e-06 5.59624884e-06
1.38624000e+03 -8.74810121e-06 5.77781906e-06
1.38752000e+03 -7.85233078e-06 5.66063595e-06
1.38880000e+03 -4.92962272e-06 5.48927269e-06
1.39008000e+03 -1.56321198e-06 4.98118186e-06
1.39136000e+03 -7.34369507e-07 4.81180207e-06
1.39264000e+03 -1.35197115e-06 3.76562742e-06
1.39392000e+03 2.17200432e-06 3.63372382e-06
1.39520000e+03 -2.63558263e-07 3.32596251e-06
1.39648000e+03 3.67137409e-06 3.67075692e-06
1.39776000e+03 5.56876785e-06 3.70104835e-06
1.39904000e+03 6.99516067e-06 4.09439443e-06
1.40032000e+03 4.58940940e-06 3.40518993e-06
1.40160000e+03 4.86757926e-06 3.60989286e-06
1.40288000e+03 4.64692221e-06 4.85096019e-06
1.40416000e+03 4.19407206e-06 4.94509419e-06
1.40544000e+03 6.04531078e-06 6.76280300e-06
1.40672000e+03 8.53725669e-06 7.64217552e-06
1.40800000e+03 1.02421191e-05 7.37555941e-06
1.40928000e+03 1.07564474e-05 6.36583353e-06
1.41056000e+03 1.05942581e-05 6.10238706e-06
1.41184000e+03 8.54768950e-06 5.03952931e-06
1.41312000e+03 6.01993861e-06 4.07448614e-06
1.41440000e+03 6.30625937e-06 3.63945561e-06
1.41568000e+03 5.64170614e-06 3.70999329e-06
1.41696000e+03 3.86264674e-06 4.16535217e-06
1.41824000e+03 4.81823781e-06 4.40350840e-06
1.41952000e+03 2.07870676e-06 4.08565740e-06
1.42080000e+03 2.05836773e-06 3.82698361e-06
1.42208000e+03 1.69379439e-06 3.55011723e-06
1.42336000e+03 7.80903406e-07 3.93276117e-06
1.42464000e+03 7.66179824e-07 4.72847122e-06
1.42592000e+03 5.03341596e-07 4.02466768e-06
1.42720000e+03 7.59413808e-07 4.17125998e-06
1.42848000e+03 2.03836885e-06 4.22764825e-06
1.42976000e+03 3.55297902e-06 4.24584399e-06
1.43104000e+03 1.55305872e-06 3.78739227e-06
1.43232000e+03 4.02573733e-06 3.99689619e-06
1.43360000e+03 3.38786276e-06 3.73302500e-06
1.43488000e+03 2.40137251e-06 3.97614680e-06
1.43616000e+03 1.83832412e-06 4.10528489e-06
1.43744000e+03 2.15643331e-06 3.91457127e-06
1.43872000e+03 2.12597570e-07 3.51637675e-06
1.44000000e+03 -3.66540621e-06 3.81740497e-06
1.44128000e+03 -1.82184885e-06 3.51684663e-06
1.44256000e+03 -1.18611683e-06 4.52336638e-06
1.44384000e+03 -1.59568049e-06 5.30116821e-06
1.44512000e+03 1.55110456e-06 4.50933577e-06
1.44640000e+03 2.59117883e-07 5.58181180e-06
1.44768000e+03 -2.47602679e-06 6.14385891e-06
1.44896000e+03 -7.43372595e-07 5.39689410e-06
1.45024000e+03 -1.83454586e-06 6.09922557e-06
1.45152000e+03 -3.43548209e-06 5.90157215e-06
1.45280000e+03 -2.40848294e-06 4.98854370e-06
1.45408000e+03 -5.54574217e-06 4.36396853e-06
1.45536000e+03 -4.89272907e-06 3.91251402e-06
1.45664000e+03 -4.68393455e-06 5.26011444e-06
1.45792000e+03 -5.02828516e-06 3.96893474e-06
1.45920000e+03 -3.09343523e-06 3.86207368e-06
1.46048000e+03 -1.57278396e-06 4.51721059e-06
1.46176000e+03 -2.72268835e-06 4.93160028e-06
1.46304000e+03 -1.63450056e-06 4.19247878e-06
1.46432000e+03 -3.27213138e-06 4.16678470e-06
1.46560000e+03 -2.09396921e-06 3.68476185e-06
1.46688000e+03 -3.35794130e-06 3.53684312e-06
1.46816000e+03 -5.11021653e-06 3.75775279e-06
1.46944000e+03 -4.80188373e-06 4.25703100e-06
1.47072000e+03 -3.13656960e-06 4.53766211e-06
1.47200000e+03 -4.96259509e-06 4.03106741e-06
1.47328000e+03 -4.28611293e-06 4.13623464e-06
1.47456000e+03 -2.38550865e-06 3.92155844e-06
1.47584000e+03 -2.01670287e-06 4.50694860e-06
1.47712000e+03 -2.10995310e-07 3.96683258e-06
1.47840000e+03 4.31835360e-07 3.37925225e-06
1.47968000e+03 -2.58786963e-06 3.55294447e-06
1.48096000e+03 6.30745603e-07 3.51335211e-06
1.48224000e+03 -2.26457041e-06 3.73379128e-06
1.48352000e+03 -3.46353772e-08 5.26500408e-06
1.48480000e+03 1.79638505e-06 3.80393815e-06
1.48608000e+03 1.13150577e-06 3.75162176e-06
1.48736000e+03 -2.77089697e-07 4.28770493e-06
1.48864000e+03 -3.37464644e-06 3.00075377e-06
1.48992000e+03 1.75636865e-06 3.64167926e-06
1.49120000e+03 -2.56657381e-06 3.75724871e-06
1.49248000e+03 -6.63680657e-06 4.27047903e-06
1.49376000e+03 -5.77905121e-06 4.10668879e-06
1.49504000e+03 -3.30800640e-06 4.62627127e-06
1.49632000e+03 -2.30854630e-06 5.44027787e-06
1.49760000e+03 -3.93126413e-07 4.79109693e-06
1.49888000e+03 6.58131896e-08 4.16368861e-06
1.50016000e+03 1.86276921e-07 5.07080620e-06
1.50144000e+03 4.79589789e-06 5.74765865e-06
1.50272000e+03 2.16563330e-06 5.43318759e-06
1.50400000e+03 7.23265839e-06 5.50801035e-06
1.50528000e+03 6.12426493e-06 4.84744030e-06
1.50656000e+03 5.35504523e-06 5.67189236e-06
1.50784000e+03 4.34180174e-06 5.88310200e-06
1.50912000e+03 6.42784153e-06 5.80644641e-06
1.51040000e+03 4.02036630e-06 7.10682475e-06
1.51168000e+03 4.91454421e-06 7.09342971e-06
1.51296000e+03 -5.56400664e-07 6.32373047e-06
1.51424000e+03 5.16830482e-07 6.65813669e-06
1.51552000e+03 1.78037180e-06 5.77636770e-06
1.51680000e+03 1.57705801e-06 6.96654875e-06
1.51808000e+03 1.65777241e-08 6.90950190e-06
1.51936000e+03 4.41753718e-06 7.14720077e-06
1.52064000e+03 7.31762611e-06 6.57610386e-06
1.52192000e+03 6.82304335e-06 6.86417868e-06
1.52320000e+03 6.68208440e-06 7.46247271e-06
1.52448000e+03 3.17178660e-07 5.48263945e-06
1.52576000e+03 -3.20150048e-06 6.03736116e-06
1.52704000e+03 9.44214094e-07 5.54549351e-06
1.52832000e+03 1.26821931e-06 5.21123515e-06
1.52960000e+03 -3.44998739e-07 5.57134933e-06
1.53088000e+03 -6.50319407e-07 6.08581835e-06
1.53216000e+03 1.01772866e-06 6.63002977e-06
1.53344000e+03 -3.41005216e-06 6.01952554e-06
1.53472000e+03 -2.62855542e-06 6.40323017e-06
1.53600000e+03 -5.40296651e-06 5.96841667e-06
1.53728000e+03 1.24763289e-06 6.57585536e-06
1.53856000e+03 -1.96199790e-06 5.99323076e-06
1.53984000e+03 4.35646598e-06 6.45977910e-06
1.54112000e+03 7.12758279e-08 6.34936882e-06
1.54240000e+03 9.42479232e-07 3.60981873e-06
1.54368000e+03 -1.70373687e-06 4.42035747e-06
1.54496000e+03 -4.26164343e-06 6.38105817e-06
1.54624000e+03 3.14701037e-06 5.87605355e-06
1.54752000e+03 1.26075588e-06 3.39255500e-06
1.54880000e+03 2.91277615e-06 4.05396470e-06
1.55008000e+03 -8.01066506e-07 3.71646152e-06
1.55136000e+03 3.48996468e-06 4.59414405e-06
1.55264000e+03 3.53186829e-06 5.42468507e-06
1.55392000e+03 2.80004770e-06 4.80474449e-06
1.55520000e+03 1.11893064e-06 4.50971431e-06
1.55648000e+03 9.88312763e-07 4.59619806e-06
1.55776000e+03 2.71012823e-06 4.24895261e-06
1.55904000e+03 1.95581902e-06 4.63033705e-06
1.56032000e+03 5.17925218e-06 4.75816466e-06
1.56160000e+03 2.78541506e-06 4.30568248e-06
1.56288000e+03 1.98730027e-06 4.21140747e-06
1.56416000e+03 9.13057761e-07 4.38209049e-06
1.56544000e+03 1.73330511e-06 3.59230673e-06
1.56672000e+03 7.45883335e-06 4.75923084e-06
1.56800000e+03 7.87017234e-06 4.08962093e-06
1.56928000e+03 7.16526620e-06 4.60590605e-06
1.57056000e+03 3.88016770e-06 4.23295812e-06
1.57184000e+03 -1.26215673e-06 5.12659728e-06
1.57312000e+03 -2.10258122e-06 5.33414073e-06
1.57440000e+03 -1.49281777e-06 4.83397694e-06
1.57568000e+03 2.19643448e-06 4.42403184e-06
1.57696000e+03 6.55640292e-07 4.25977162e-06
1.57824000e+03 4.15919931e-06 4.17026014e-06
1.57952000e+03 5.13728219e-06 4.78812345e-06
1.58080000e+03 2.84697171e-06 3.48813597e-06
1.58208000e+03 4.58221575e-06 3.27729069e-06
1.58336000e+03 3.19656829e-06 3.94620805e-06
1.58464000e+03 6.50065022e-06 4.01005018e-06
1.58592000e+03 3.15498846e-06 4.06760158e-06
1.58720000e+03 3.85350177e-06 3.61838119e-06
1.58848000e+03 1.80857171e-06 3.63483239e-06
1.58976000e+03 2.76132437e-06 4.33086306e-06
1.59104000e+03 -1.59491526e-06 4.35311013e-06
1.59232000e+03 -4.29037897e-07 4.94333578e-06
1.59360000e+03 -6.23130018e-06 5.68026091e-06
1.59488000e+03 -6.95518111e-06 5.45656210e-06
1.59616000e+03 -6.33915397e-06 6.04569264e-06
1.59744000e+03 -1.14930108e-05 5.50481915e-06
1.59872000e+03 -1.06433090e-05 5.73813549e-06
1.60000000e+03 -8.45901377e-06 5.13756197e-06
1.60128000e+03 -5.89697675e-06 5.94831919e-06
1.60256000e+03 -6.10176357e-06 5.44782268e-06
1.60384000e+03 -4.00812814e-06 5.18163222e-06
1.60512000e+03 -1.91685103e-06 5.21324611e-06
1.60640000e+03 -1.49144012e-06 4.02068596e-06
1.60768000e+03 -8.08889411e-07 3.84573209e-06
1.60896000e+03 1.52605946e-06 3.36034932e-06
1.61024000e+03 4.80653489e-06 3.22673014e-06
1.61152000e+03 6.00646536e-06 3.37513467e-06
1.61280000e+03 8.53704569e-06 6.00132571e-06
1.61408000e+03 8.73118279e-06 5.12622832e-06
1.61536000e+03 1.08310260e-05 6.47412617e-06
1.61664000e+03 1.16268457e-05 6.66348388e-06
1.61792000e+03 1.15635012e-05 6.47625569e-06
1.61920000e+03 1.09726116e-05 5.90631501e-06
1.62048000e+03 1.35481732e-05 6.17158000e-06
1.62176000e+03 1.23341770e-05 5.22957502e-06
1.62304000e+03 1.13708138e-05 4.89837725e-06
1.62432000e+03 7.59388831e-06 3.75660636e-06
1.62560000e+03 6.87677812e-06 3.62054092e-06
1.62688000e+03 9.33897445e-06 3.53300236e-06
1.62816000e+03 8.36298841e-06 3.45091723e-06
1.62944000e+03 6.57206738e-06 3.23767959e-06
1.63072000e+03 3.08640188e-06 2.94242298e-06
1.63200000e+03 1.84214264e-06 4.16290538e-06
1.63328000e+03 -5.75989958e-08 3.77021379e-06
1.63456000e+03 -2.13310477e-06 3.30778844e-06
1.63584000e+03 3.22591092e-07 3.49982443e-06
1.63712000e+03 -1.41137809e-06 4.55933614e-06
1.63840000e+03 2.16872922e-06 3.93057541e-06
1.63968000e+03 9.18256774e-07 3.91226373e-06
1.64096000e+03 1.66546727e-06 4.26074182e-06
1.64224000e+03 -1.73468109e-07 3.70917400e-06
1.64352000e+03 1.41229907e-06 3.59158863e-06
1.64480000e+03 5.24123061e-06 5.15831702e-06
1.64608000e+03 6.48560899e-06 5.31311326e-06
1.64736000e+03 5.29948557e-06 4.79713925e-06
1.64864000e+03 9.94210836e-07 4.75832166e-06
1.64992000e+03 1.99209148e-06 5.19316521e-06
1.65120000e+03 3.97308077e-06 5.34908959e-06
1.65248000e+03 1.89989930e-06 5.32777625e-06
1.65376000e+03 -9.40276493e-07 5.09472796e-06
1.65504000e+03 -4.60746560e-06 5.48044084e-06
1.65632000e+03 -5.51942276e-06 5.87419214e-06
1.65760000e+03 -1.90981450e-06 5.99941231e-06
1.65888000e+03 -4.69261158e-06 6.63764167e-06
1.66016000e+03 -5.00054239e-06 6.69410762e-06
1.66144000e+03 -5.39048915e-06 5.71407693e-06
1.66272000e+03 -6.07569154e-06 5.72355970e-06
1.66400000e+03 -3.37623487e-06 6.41168396e-06
1.66528000e+03 -3.65236406e-06 6.70401585e-06
1.66656000e+03 -2.17023953e-07 6.63629069e-06
1.66784000e+03 -8.43515693e-07 6.30563638e-06
1.66912000e+03 -6.90107208e-06 6.85250146e-06
1.67040000e+03 -3.45773060e-06 7.00640363e-06
1.67168000e+03 -4.86113186e-06 6.81211510e-06
1.67296000e+03 -5.88242301e-07 5.27605706e-06
1.67424000e+03 3.67748186e-07 5.73144173e-06
1.67552000e+03 -1.45474132e-07 5.01639155e-06
1.67680000e+03 -6.67951144e-06 6.22026926e-06
1.67808000e+03 -4.37039807e-06 5.28639768e-06
1.67936000e+03 -5.01837076e-06 5.05011908e-06
1.68064000e+03 -8.79878189e-06 6.75830437e-06
1.68192000e+03 -6.77812477e-06 6.49472614e-06
1.68320000e+03 -1.44279306e-06 5.06235689e-06
1.68448000e+03 1.74885247e-06 6.42457511e-06
1.68576000e+03 4.04785442e-06 6.28381996e-06
1.68704000e+03 7.22548521e-06 6.41217731e-06
1.68832000e+03 3.96913265e-06 5.59657664e-06
1.68960000e+03 9.92440732e-07 5.76703497e-06
1.69088000e+03 -8.73337797e-07 4.99805207e-06
1.69216000e+03 1.54194925e-06 5.48583666e-06
1.69344000e+03 3.00593729e-06 6.15483573e-06
1.69472000e+03 -1.81241160e-06 5.33833653e-06
1.69600000e+03 3.18558023e-06 4.94624070e-06
1.69728000e+03 -3.45160606e-06 4.38561484e-06
1.69856000e+03 -1.74832633e-06 6.16690910e-06
1.69984000e+03 -2.95073136e-07 5.78813169e-06
1.70112000e+03 4.78300262e-06 7.47010736e-06
1.70240000e+03 -1.23092366e-06 5.56725684e-06
1.70368000e+03 -3.37694746e-06 3.84900645e-06
1.70496000e+03 -1.31087450e-06 6.02016857e-06
1.70624000e+03 -1.85526756e-06 8.30317631e-06
1.70752000e+03 -3.11944950e-06 4.90389829e-06
1.70880000e+03 -3.23333211e-06 3.70353988e-06
1.71008000e+03 -2.13771023e-06 3.71487645e-06
1.71136000e+03 2.75646403e-06 5.05287775e-06
1.71264000e+03 -2.97542357e-07 5.47023876e-06
1.71392000e+03 -5.22072787e-06 5.14871916e-06
1.71520000e+03 -6.60339174e-06 5.48740606e-06
1.71648000e+03 -7.54414850e-06 6.02628623e-06
1.71776000e+03 -3.35572622e-06 4.26402365e-06
1.71904000e+03 -1.24573589e-05 6.16249909e-06
1.72032000e+03 -9.35922344e-06 5.80044111e-06
1.72160000e+03 -2.39602809e-06 5.79919803e-06
1.72288000e+03 2.56555654e-06 6.15025892e-06
1.72416000e+03 -6.23981464e-07 4.59637139e-06
1.72544000e+03 -6.09719473e-06 4.67220303e-06
1.72672000e+03 -1.34696284e-05 5.11011876e-06
1.72800000e+03 -4.34991489e-06 1.07372189e-05
1.72928000e+03 -1.18507132e-05 8.37124538e-06
1.73056000e+03 -9.98057203e-06 7.71359801e-06
1.73184000e+03 -1.30564913e-05 7.75181785e-06
1.73312000e+03 -2.58233126e-06 7.47751702e-06
1.73440000e+03 -2.96053622e-06 7.07836788e-06
1.73568000e+03 -4.02616479e-06 6.49963338e-06
1.73696000e+03 -6.14556438e-06 6.04764021e-06
1.73824000e+03 -2.86803220e-06 4.75967482e-06
1.73952000e+03 -2.22718540e-06 5.35924441e-06
1.74080000e+03 -2.49723507e-06 4.89038502e-06
1.74208000e+03 2.81155121e-06 5.35491339e-06
1.74336000e+03 1.16483511e-06 5.37097209e-06
1.74464000e+03 1.35753078e-06 5.42754911e-06
1.74592000e+03 5.39765188e-06 5.55168357e-06
1.74720000e+03 7.51968764e-06 5.98240593e-06
1.74848000e+03 9.41849794e-06 5.44059804e-06
1.74976000e+03 9.64195715e-06 5.05761406e-06
1.75104000e+03 8.17001091e-06 4.93576052e-06
1.75232000e+03 8.59721331e-06 5.13642451e-06
1.75360000e+03 1.15366511e-05 6.77467209e-06
1.75488000e+03 1.46347902e-05 8.31743989e-06
1.75616000e+03 1.23552172e-05 9.30757394e-06
1.75744000e+03 1.67222879e-05 1.15534998e-05
1.75872000e+03 1.56655551e-05 1.27189175e-05
1.76000000e+03 1.76819849e-05 1.32375467e-05
1.76128000e+03 1.91230811e-05 1.54194150e-05
1.76256000e+03 2.31257072e-05 1.65012838e-05
1.76384000e+03 2.79010746e-05 1.61754090e-05
1.76512000e+03 3.12711527e-05 1.83095180e-05
1.76640000e+03 3.19401370e-05 1.79025736e-05
1.76768000e+03 2.83182981e-05 1.54995976e-05
1.76896000e+03 2.77947911e-05 1.91843604e-05
1.77024000e+03 2.66593597e-05 1.79167417e-05
1.77152000e+03 2.01996427e-05 1.54396082e-05
1.77280000e+03 1.83788306e-05 1.68518129e-05
1.77408000e+03 1.47531164e-05 1.45722619e-05
1.77536000e+03 1.78270966e-05 1.49659173e-05
1.77664000e+03 1.36404387e-05 1.44545987e-05
1.77792000e+03 7.49639003e-06 1.15768736e-05
1.77920000e+03 8.24930157e-06 1.36046708e-05
1.78048000e+03 1.04331712e-05 1.22624799e-05
1.78176000e+03 7.71864688e-06 8.83010159e-06
1.78304000e+03 1.21863459e-05 7.51355355e-06
1.78432000e+03 1.20641198e-05 7.00787913e-06
1.78560000e+03 8.21854064e-06 4.96649724e-06
1.78688000e+03 5.16269483e-06 5.23268498e-06
1.78816000e+03 1.39667770e-06 4.71360535e-06
1.78944000e+03 -3.52126278e-07 6.05813151e-06
1.79072000e+03 -3.40910265e-06 4.98488286e-06
1.79200000e+03 -1.27879525e-06 4.03080845e-06
1.79328000e+03 -4.20043449e-07 4.48671056e-06
1.79456000e+03 1.20239145e-06 5.33867930e-06
1.79584000e+03 -9.60083298e-07 5.55542838e-06
1.79712000e+03 2.23734537e-06 5.99974816e-06
1.79840000e+03 -2.09618565e-06 6.31132854e-06
1.79968000e+03 -2.46048813e-07 6.56299602e-06
1.80096000e+03 -1.61266018e-06 5.87074350e-06
1.80224000e+03 -6.90925106e-07 6.29320140e-06
1.80352000e+03 1.82542692e-06 7.58338570e-06
1.80480000e+03 3.28435408e-06 7.78627575e-06
1.80608000e+03 2.50721405e-06 7.53927213e-06
1.80736000e+03 9.56094664e-06 8.68814017e-06
1.80864000e+03 1.59092870e-05 9.84435628e-06
1.80992000e+03 9.46395085e-06 8.01240215e-06
1.81120000e+03 1.13266915e-05 7.02475845e-06
1.81248000e+03 9.65707022e-06 7.25077389e-06
1.81376000e+03 4.33950436e-06 6.97229666e-06
1.81504000e+03 1.53843598e-06 6.06773275e-06
1.81632000e+03 2.70965756e-06 5.91406347e-06
1.81760000e+03 9.70307065e-06 6.70712990e-06
1.81888000e+03 1.21399235e-05 7.02683992e-06
1.82016000e+03 1.62198376e-05 8.49555113e-06
1.82144000e+03 1.61818989e-05 8.98825350e-06
1.82272000e+03 1.33823096e-05 1.06328621e-05
1.82400000e+03 1.98605471e-06 1.25957654e-05
1.82528000e+03 3.99136024e-06 1.32810544e-05
1.82656000e+03 -1.04438050e-06 1.16571180e-05
1.82784000e+03 -3.48449089e-06 1.23519925e-05
1.82912000e+03 -2.60894694e-06 8.24178151e-06
1.83040000e+03 -2.84236285e-06 6.87887987e-06
1.83168000e+03 -1.17903519e-05 9.14946523e-06
1.83296000e+03 -1.14151599e-05 8.76398907e-06
1.83424000e+03 -7.99114423e-06 9.60465161e-06
1.83552000e+03 -4.03324111e-06 8.11079361e-06
1.83680000e+03 -2.08361621e-06 7.81372523e-06
1.83808000e+03 -3.44838782e-06 8.65464806e-06
1.83936000e+03 1.67063922e-06 8.67316077e-06
1.84064000e+03 -9.51118182e-06 1.16036805e-05
1.84192000e+03 -5.85514272e-06 1.26497540e-05
1.84320000e+03 -4.49236632e-06 1.28516186e-05
1.84448000e+03 -8.13730912e-06 1.27052335e-05
1.84576000e+03 -8.18853187e-06 1.32248751e-05
1.84704000e+03 -4.75308752e-06 1.12587471e-05
1.84832000e+03 -3.08294238e-06 8.62376769e-06
1.84960000e+03 1.45293654e-07 8.86057687e-06
1.85088000e+03 2.80092877e-06 8.78442079e-06
1.85216000e+03 2.25779701e-07 7.43998141e-06
1.85344000e+03 7.02537318e-06 7.80001562e-06
1.85472000e+03 5.56294845e-06 7.04772550e-06
1.85600000e+03 1.82279236e-05 9.62598219e-06
1.85728000e+03 1.49712350e-05 9.66667516e-06
1.85856000e+03 5.12999713e-06 1.05436985e-05
1.85984000e+03 1.70502717e-05 1.00742779e-05
1.86112000e+03 2.00467312e-05 8.95521675e-06
1.86240000e+03 1.56584883e-05 8.98364141e-06
1.86368000e+03 1.45205040e-05 1.08026038e-05
1.86496000e+03 6.95630024e-06 1.03985464e-05
1.86624000e+03 2.07705830e-06 1.07621088e-05
1.86752000e+03 3.32686955e-06 1.12761156e-05
1.86880000e+03 2.72321381e-06 1.33984355e-05
1.87008000e+03 2.67290801e-07 9.38364911e-06
1.87136000e+03 -3.48189519e-06 1.38761660e-05
1.87264000e+03 -5.54172721e-06 1.39380182e-05
1.87392000e+03 -1.49091438e-05 1.71145764e-05
1.87520000e+03 -1.46685697e-05 1.54648432e-05
1.87648000e+03 -1.37911729e-05 1.59848951e-05
1.87776000e+03 -1.49329742e-06 1.15654409e-05
1.87904000e+03 4.20762217e-06 1.39208939e-05
1.88032000e+03 6.72089186e-07 1.25520311e-05
1.88160000e+03 2.58379669e-06 1.41703479e-05
1.88288000e+03 -4.75926663e-06 1.31194948e-05
1.88416000e+03 -5.24283905e-06 1.31416798e-05
1.88544000e+03 -3.83009910e-06 1.21192269e-05
1.88672000e+03 -8.47806916e-07 1.16557910e-05
1.88800000e+03 4.03201375e-06 1.23158531e-05
1.88928000e+03 8.46041075e-06 1.22961689e-05
1.89056000e+03 1.07589449e-06 1.20720996e-05
1.89184000e+03 1.03401708e-05 1.23809614e-05
1.89312000e+03 1.26716159e-05 1.15454279e-05
1.89440000e+03 3.10412429e-06 8.88831109e-06
1.89568000e+03 7.03382238e-06 8.16175659e-06
1.89696000e+03 1.15380080e-05 7.43846544e-06
1.89824000e+03 1.22852616e-05 9.35357288e-06
1.89952000e+03 1.52337398e-05 1.00532604e-05
1.90080000e+03 1.45214535e-05 1.09262233e-05
1.90208000e+03 1.76173853e-05 1.04518206e-05
1.90336000e+03 2.45350147e-05 1.21434349e-05
1.90464000e+03 2.81280791e-05 1.20613331e-05
1.90592000e+03 3.11041294e-05 1.27841471e-05
1.90720000e+03 2.73913029e-05 1.28575725e-05
1.90848000e+03 1.72947966e-05 1.03158001e-05
1.90976000e+03 1.50124133e-05 1.25196246e-05
1.91104000e+03 1.62329252e-05 1.74548161e-05
1.91232000e+03 2.08177989e-05 2.66364857e-05
1.91360000e+03 3.27978087e-05 3.29274380e-05
1.91488000e+03 3.00835272e-05 2.61521690e-05
1.91616000e+03 2.62927624e-05 1.84355744e-05
1.91744000e+03 1.76314807e-05 1.50208951e-05
1.91872000e+03 5.67201369e-06 1.06308230e-05
1.92000000e+03 -4.80230483e-06 1.08423006e-05
1.92128000e+03 -1.64555422e-05 1.71660488e-05
1.92256000e+03 -1.60643212e-05 2.27361867e-05
1.92384000e+03 -1.41027685e-05 2.56246532e-05
1.92512000e+03 -1.54008158e-05 2.20549318e-05
1.92640000e+03 -1.64891899e-05 2.00526113e-05
1.92768000e+03 -6.08754226e-06 1.99336893e-05
1.92896000e+03 -1.31404056e-06 1.85000971e-05
1.93024000e+03 -2.25279746e-06 2.18628839e-05
1.93152000e+03 -9.75963121e-06 2.10287698e-05
1.93280000e+03 -1.13761062e-05 2.33136522e-05
1.93408000e+03 -1.04083274e-05 2.48064042e-05
1.93536000e+03 -1.25915330e-05 2.31931153e-05
1.93664000e+03 -7.95104188e-06 2.16642970e-05
1.93792000e+03 -1.62697563e-06 1.92960321e-05
1.93920000e+03 -5.00760848e-07 1.67444457e-05
1.94048000e+03 2.16484023e-06 1.43135867e-05
1.94176000e+03 -8.22888524e-06 1.01942658e-05
1.94304000e+03 -1.07819942e-05 1.25320685e-05
1.94432000e+03 -8.85754616e-06 1.65932717e-05
1.94560000e+03 4.90975162e-06 2.17849993e-05
1.94688000e+03 7.30178635e-06 2.54872449e-05
1.94816000e+03 6.73430122e-07 2.43764548e-05
1.94944000e+03 2.13913772e-05 1.61673900e-05
1.95072000e+03 5.53489190e-05 2.38827080e-05
1.95200000e+03 6.57167984e-05 2.99788850e-05
1.95328000e+03 4.64585137e-05 2.34464782e-05
1.95456000e+03 1.64457020e-07 2.41235544e-05
1.95584000e+03 9.91914385e-06 2.69330436e-05
1.95712000e+03 -6.57052351e-06 3.12611419e-05
1.95840000e+03 -7.09767028e-06 3.20488178e-05
1.95968000e+03 -1.06821808e-05 3.10093969e-05
1.96096000e+03 -2.35543357e-05 2.40869220e-05
1.96224000e+03 -2.44271050e-05 1.89793486e-05
1.96352000e+03 -1.74688939e-05 2.14659763e-05
1.96480000e+03 1.67220520e-07 2.12836438e-05
1.96608000e+03 1.19778406e-06 1.59959576e-05
1.96736000e+03 -3.84413979e-05 2.29395782e-05
1.96864000e+03 -3.32268173e-05 2.10979489e-05
1.96992000e+03 -2.38035627e-05 1.78281348e-05
1.97120000e+03 -1.73710987e-06 3.33325125e-05
1.97248000e+03 4.65356679e-05 6.01965092e-05
1.97376000e+03 4.80298513e-05 4.42655213e-05
1.97504000e+03 2.38616722e-05 2.68879018e-05
1.97632000e+03 1.72560267e-05 1.90210625e-05
1.97760000e+03 3.01778323e-06 1.39645852e-05
1.97888000e+03 7.18968181e-07 1.34863418e-05
1.98016000e+03 -9.86352097e-06 1.32263358e-05
1.98144000e+03 -2.70460769e-05 1.77181456e-05
1.98272000e+03 -2.65320905e-05 1.59166893e-05
1.98400000e+03 -3.79101584e-05 2.72784814e-05
1.98528000e+03 -2.62318408e-05 1.58053588e-05
1.98656000e+03 -1.79073377e-05 1.33351958e-05
1.98784000e+03 -6.73669138e-06 1.44974070e-05
1.98912000e+03 -5.83699739e-06 1.58581160e-05
1.99040000e+03 -4.41049815e-06 2.09284748e-05
1.99168000e+03 7.87973931e-06 2.40987775e-05
1.99296000e+03 2.55847790e-05 3.67313072e-05
1.99424000e+03 2.91125998e-05 4.42807074e-05
1.99552000e+03 4.32477027e-05 5.17061998e-05
1.99680000e+03 4.08705600e-05 3.69444464e-05
1.99808000e+03 4.97847077e-06 3.04872378e-05
1.99936000e+03 2.82144701e-05 2.39906558e-05
